0 0.0008
0.001 0.0016
0.002 0.0022
0.003 0.0029
0.004 0.0038
0.005 0.0043
0.006 0.0051
0.007 0.0056
0.008 0.0062
0.009 0.0071
0.01 0.008
0.011 0.0088
0.012 0.0096
0.013 0.0101
0.014 0.0113
0.015 0.0121
0.016 0.0129
0.017 0.0137
0.018 0.0144
0.019 0.015
0.02 0.0158
0.021 0.0166
0.022 0.0175
0.023 0.0181
0.024 0.0189
0.025 0.0197
0.026 0.0206
0.027 0.0212
0.028 0.022
0.029 0.0228
0.03 0.0236
0.031 0.0246
0.032 0.0253
0.033 0.0264
0.034 0.0273
0.035 0.0279
0.036 0.0288
0.037 0.0296
0.038 0.0304
0.039 0.0311
0.04 0.0317
0.041 0.0325
0.042 0.0333
0.043 0.0342
0.044 0.0349
0.045 0.0358
0.046 0.0363
0.047 0.037
0.048 0.038
0.049 0.0388
0.05 0.0397
0.051 0.0406
0.052 0.0415
0.053 0.0423
0.054 0.0433
0.055 0.0439
0.056 0.0447
0.057 0.0457
0.058 0.0465
0.059 0.0472
0.06 0.0477
0.061 0.0485
0.062 0.0493
0.063 0.05
0.064 0.0506
0.065 0.0513
0.066 0.0523
0.067 0.053
0.068 0.0537
0.069 0.0547
0.07 0.0555
0.071 0.0565
0.072 0.0573
0.073 0.0581
0.074 0.059
0.075 0.0595
0.076 0.0603
0.077 0.061
0.078 0.062
0.079 0.0631
0.08 0.0637
0.081 0.0643
0.082 0.0651
0.083 0.0659
0.084 0.0668
0.085 0.0676
0.086 0.0686
0.087 0.0694
0.088 0.0702
0.089 0.0709
0.09 0.0717
0.091 0.0725
0.092 0.0734
0.093 0.0744
0.094 0.0753
0.095 0.0761
0.096 0.0769
0.097 0.0779
0.098 0.0785
0.099 0.0793
0.1 0.0803
0.101 0.081
0.102 0.0816
0.103 0.0823
0.104 0.083
0.105 0.0836
0.106 0.0845
0.107 0.0851
0.108 0.0858
0.109 0.0865
0.11 0.0874
0.111 0.0881
0.112 0.0888
0.113 0.0898
0.114 0.0905
0.115 0.0913
0.116 0.0923
0.117 0.0931
0.118 0.0939
0.119 0.0948
0.12 0.0954
0.121 0.0961
0.122 0.0967
0.123 0.0976
0.124 0.0984
0.125 0.0992
0.126 0.0998
0.127 0.1005
0.128 0.1014
0.129 0.102
0.13 0.1027
0.131 0.1033
0.132 0.1041
0.133 0.1051
0.134 0.1061
0.135 0.1067
0.136 0.1072
0.137 0.1079
0.138 0.1088
0.139 0.1095
0.14 0.1103
0.141 0.1109
0.142 0.1114
0.143 0.1121
0.144 0.1129
0.145 0.1137
0.146 0.1145
0.147 0.1152
0.148 0.1159
0.149 0.1166
0.15 0.1173
0.151 0.1181
0.152 0.1187
0.153 0.1194
0.154 0.1201
0.155 0.1209
0.156 0.1214
0.157 0.1223
0.158 0.1229
0.159 0.1237
0.16 0.1244
0.161 0.1249
0.162 0.1257
0.163 0.1267
0.164 0.1272
0.165 0.1279
0.166 0.1285
0.167 0.1291
0.168 0.1297
0.169 0.1304
0.17 0.1308
0.171 0.1316
0.172 0.1324
0.173 0.133
0.174 0.1336
0.175 0.1342
0.176 0.1348
0.177 0.1356
0.178 0.1363
0.179 0.1371
0.18 0.1378
0.181 0.1389
0.182 0.1394
0.183 0.1402
0.184 0.1408
0.185 0.1413
0.186 0.1418
0.187 0.1426
0.188 0.1431
0.189 0.1439
0.19 0.1446
0.191 0.1455
0.192 0.1461
0.193 0.1466
0.194 0.1473
0.195 0.1479
0.196 0.1486
0.197 0.1493
0.198 0.15
0.199 0.1506
0.2 0.1511
0.201 0.1517
0.202 0.1522
0.203 0.1529
0.204 0.1536
0.205 0.1543
0.206 0.1548
0.207 0.1559
0.208 0.1565
0.209 0.1571
0.21 0.1579
0.211 0.1586
0.212 0.1594
0.213 0.16
0.214 0.1606
0.215 0.1613
0.216 0.1623
0.217 0.1629
0.218 0.1635
0.219 0.1641
0.22 0.1651
0.221 0.1657
0.222 0.1665
0.223 0.1671
0.224 0.1677
0.225 0.1685
0.226 0.1692
0.227 0.1697
0.228 0.1703
0.229 0.171
0.23 0.1718
0.231 0.1725
0.232 0.1734
0.233 0.1738
0.234 0.1744
0.235 0.1749
0.236 0.1757
0.237 0.1762
0.238 0.1769
0.239 0.1775
0.24 0.1784
0.241 0.1792
0.242 0.1798
0.243 0.1804
0.244 0.1812
0.245 0.1819
0.246 0.1826
0.247 0.1833
0.248 0.1838
0.249 0.1844
0.25 0.1851
0.251 0.1857
0.252 0.1862
0.253 0.1868
0.254 0.1876
0.255 0.1881
0.256 0.1887
0.257 0.1894
0.258 0.1901
0.259 0.1907
0.26 0.1916
0.261 0.1923
0.262 0.1929
0.263 0.1937
0.264 0.1942
0.265 0.1949
0.266 0.1956
0.267 0.1963
0.268 0.1967
0.269 0.1974
0.27 0.1981
0.271 0.1985
0.272 0.199
0.273 0.1994
0.274 0.2002
0.275 0.2008
0.276 0.2014
0.277 0.2023
0.278 0.2029
0.279 0.2036
0.28 0.204
0.281 0.2045
0.282 0.2053
0.283 0.2062
0.284 0.2066
0.285 0.2073
0.286 0.208
0.287 0.2088
0.288 0.2094
0.289 0.21
0.29 0.2106
0.291 0.2114
0.292 0.2121
0.293 0.2128
0.294 0.2135
0.295 0.2143
0.296 0.2149
0.297 0.2157
0.298 0.2163
0.299 0.2167
0.3 0.2172
0.301 0.2178
0.302 0.2187
0.303 0.2193
0.304 0.22
0.305 0.2205
0.306 0.2211
0.307 0.2216
0.308 0.2223
0.309 0.2229
0.31 0.2237
0.311 0.2242
0.312 0.2248
0.313 0.2254
0.314 0.226
0.315 0.2264
0.316 0.2269
0.317 0.2274
0.318 0.228
0.319 0.2287
0.32 0.2294
0.321 0.2299
0.322 0.2306
0.323 0.2313
0.324 0.2319
0.325 0.2323
0.326 0.2329
0.327 0.2335
0.328 0.234
0.329 0.2348
0.33 0.2355
0.331 0.2361
0.332 0.2365
0.333 0.2372
0.334 0.2378
0.335 0.2384
0.336 0.2387
0.337 0.2394
0.338 0.2399
0.339 0.2406
0.34 0.2412
0.341 0.242
0.342 0.2426
0.343 0.2431
0.344 0.2436
0.345 0.2443
0.346 0.2449
0.347 0.2454
0.348 0.2459
0.349 0.2464
0.35 0.247
0.351 0.2476
0.352 0.2481
0.353 0.2489
0.354 0.2494
0.355 0.2498
0.356 0.2505
0.357 0.2511
0.358 0.2515
0.359 0.2522
0.36 0.2527
0.361 0.2534
0.362 0.254
0.363 0.2545
0.364 0.2553
0.365 0.2561
0.366 0.2564
0.367 0.2572
0.368 0.2577
0.369 0.2582
0.37 0.2589
0.371 0.2594
0.372 0.26
0.373 0.2606
0.374 0.2611
0.375 0.2615
0.376 0.262
0.377 0.2626
0.378 0.263
0.379 0.2635
0.38 0.264
0.381 0.2645
0.382 0.2651
0.383 0.2658
0.384 0.2666
0.385 0.2671
0.386 0.2678
0.387 0.2683
0.388 0.2688
0.389 0.2695
0.39 0.2702
0.391 0.2708
0.392 0.2716
0.393 0.2721
0.394 0.2728
0.395 0.2733
0.396 0.2737
0.397 0.2742
0.398 0.2749
0.399 0.2754
0.4 0.2758
0.401 0.2763
0.402 0.2769
0.403 0.2775
0.404 0.2779
0.405 0.2787
0.406 0.2794
0.407 0.28
0.408 0.2805
0.409 0.2811
0.41 0.2816
0.411 0.2822
0.412 0.2827
0.413 0.2832
0.414 0.2837
0.415 0.2844
0.416 0.2848
0.417 0.2855
0.418 0.2862
0.419 0.2866
0.42 0.2872
0.421 0.2878
0.422 0.2882
0.423 0.2888
0.424 0.2896
0.425 0.2902
0.426 0.2908
0.427 0.2912
0.428 0.2918
0.429 0.2922
0.43 0.2928
0.431 0.2936
0.432 0.2942
0.433 0.2947
0.434 0.2954
0.435 0.2959
0.436 0.2965
0.437 0.2969
0.438 0.2977
0.439 0.2982
0.44 0.2987
0.441 0.2994
0.442 0.2998
0.443 0.3005
0.444 0.3011
0.445 0.3017
0.446 0.3021
0.447 0.3026
0.448 0.3031
0.449 0.304
0.45 0.3046
0.451 0.3051
0.452 0.3055
0.453 0.3061
0.454 0.3066
0.455 0.3073
0.456 0.3078
0.457 0.3083
0.458 0.3086
0.459 0.3092
0.46 0.3096
0.461 0.31
0.462 0.3107
0.463 0.3114
0.464 0.3121
0.465 0.3127
0.466 0.3134
0.467 0.3138
0.468 0.3142
0.469 0.3148
0.47 0.3153
0.471 0.3157
0.472 0.3162
0.473 0.3167
0.474 0.3171
0.475 0.3176
0.476 0.3179
0.477 0.3183
0.478 0.3188
0.479 0.3193
0.48 0.3196
0.481 0.3201
0.482 0.3205
0.483 0.3208
0.484 0.3211
0.485 0.3217
0.486 0.3224
0.487 0.3229
0.488 0.3234
0.489 0.3241
0.49 0.3247
0.491 0.3253
0.492 0.3259
0.493 0.3264
0.494 0.3269
0.495 0.3274
0.496 0.3277
0.497 0.3283
0.498 0.3287
0.499 0.3294
0.5 0.3301
0.501 0.3306
0.502 0.3311
0.503 0.3315
0.504 0.3319
0.505 0.3325
0.506 0.3331
0.507 0.3337
0.508 0.3344
0.509 0.3351
0.51 0.3356
0.511 0.3361
0.512 0.3366
0.513 0.3371
0.514 0.3376
0.515 0.3381
0.516 0.3384
0.517 0.339
0.518 0.3397
0.519 0.3401
0.52 0.3407
0.521 0.3414
0.522 0.3419
0.523 0.3426
0.524 0.343
0.525 0.3434
0.526 0.344
0.527 0.3445
0.528 0.3448
0.529 0.3451
0.53 0.3456
0.531 0.3461
0.532 0.3466
0.533 0.3471
0.534 0.3475
0.535 0.3481
0.536 0.3488
0.537 0.3492
0.538 0.3496
0.539 0.35
0.54 0.3506
0.541 0.3512
0.542 0.3518
0.543 0.3523
0.544 0.3527
0.545 0.3531
0.546 0.3535
0.547 0.3539
0.548 0.3543
0.549 0.3548
0.55 0.3553
0.551 0.3558
0.552 0.3562
0.553 0.3567
0.554 0.3573
0.555 0.3579
0.556 0.3584
0.557 0.3589
0.558 0.3595
0.559 0.3601
0.56 0.3606
0.561 0.3611
0.562 0.3617
0.563 0.3621
0.564 0.3626
0.565 0.3634
0.566 0.3638
0.567 0.3642
0.568 0.3647
0.569 0.3651
0.57 0.3656
0.571 0.366
0.572 0.3665
0.573 0.3673
0.574 0.3676
0.575 0.3682
0.576 0.3686
0.577 0.3691
0.578 0.3695
0.579 0.3701
0.58 0.3706
0.581 0.3712
0.582 0.3718
0.583 0.3721
0.584 0.3725
0.585 0.3729
0.586 0.3733
0.587 0.3739
0.588 0.3746
0.589 0.3751
0.59 0.3758
0.591 0.3764
0.592 0.3767
0.593 0.3771
0.594 0.3776
0.595 0.3781
0.596 0.3786
0.597 0.379
0.598 0.3794
0.599 0.3799
0.6 0.3804
0.601 0.3808
0.602 0.3813
0.603 0.3819
0.604 0.3826
0.605 0.3829
0.606 0.3834
0.607 0.3836
0.608 0.3843
0.609 0.3848
0.61 0.3853
0.611 0.3857
0.612 0.3861
0.613 0.3867
0.614 0.3872
0.615 0.3875
0.616 0.3877
0.617 0.3882
0.618 0.3889
0.619 0.3894
0.62 0.3901
0.621 0.3906
0.622 0.3911
0.623 0.3914
0.624 0.392
0.625 0.3924
0.626 0.393
0.627 0.3933
0.628 0.3939
0.629 0.3944
0.63 0.3947
0.631 0.3952
0.632 0.3958
0.633 0.3961
0.634 0.3967
0.635 0.3972
0.636 0.3976
0.637 0.398
0.638 0.3984
0.639 0.3989
0.64 0.3992
0.641 0.3995
0.642 0.3999
0.643 0.4003
0.644 0.4006
0.645 0.4012
0.646 0.4014
0.647 0.4018
0.648 0.4024
0.649 0.4029
0.65 0.4033
0.651 0.4038
0.652 0.4044
0.653 0.405
0.654 0.4055
0.655 0.4061
0.656 0.4065
0.657 0.407
0.658 0.4074
0.659 0.408
0.66 0.4085
0.661 0.4088
0.662 0.4091
0.663 0.4097
0.664 0.4102
0.665 0.4106
0.666 0.411
0.667 0.4114
0.668 0.4119
0.669 0.4124
0.67 0.4128
0.671 0.4133
0.672 0.4138
0.673 0.4141
0.674 0.4145
0.675 0.4148
0.676 0.4152
0.677 0.4156
0.678 0.416
0.679 0.4162
0.68 0.417
0.681 0.4173
0.682 0.4177
0.683 0.418
0.684 0.4184
0.685 0.4188
0.686 0.4195
0.687 0.4199
0.688 0.4204
0.689 0.4208
0.69 0.4213
0.691 0.4215
0.692 0.4219
0.693 0.4223
0.694 0.4228
0.695 0.4231
0.696 0.4235
0.697 0.4238
0.698 0.4244
0.699 0.4249
0.7 0.4253
0.701 0.4258
0.702 0.4261
0.703 0.4265
0.704 0.4269
0.705 0.4274
0.706 0.4279
0.707 0.4281
0.708 0.4285
0.709 0.429
0.71 0.4295
0.711 0.43
0.712 0.4304
0.713 0.4307
0.714 0.4311
0.715 0.4315
0.716 0.4321
0.717 0.4324
0.718 0.433
0.719 0.4333
0.72 0.4337
0.721 0.4341
0.722 0.4345
0.723 0.4352
0.724 0.4356
0.725 0.4361
0.726 0.4366
0.727 0.4368
0.728 0.437
0.729 0.4375
0.73 0.438
0.731 0.4383
0.732 0.4387
0.733 0.439
0.734 0.4395
0.735 0.44
0.736 0.4405
0.737 0.4409
0.738 0.4413
0.739 0.4416
0.74 0.4422
0.741 0.4427
0.742 0.4431
0.743 0.4434
0.744 0.4438
0.745 0.4442
0.746 0.4446
0.747 0.4449
0.748 0.4453
0.749 0.4457
0.75 0.4462
0.751 0.4466
0.752 0.4469
0.753 0.4474
0.754 0.4479
0.755 0.4485
0.756 0.4489
0.757 0.4493
0.758 0.4498
0.759 0.4503
0.76 0.4506
0.761 0.451
0.762 0.4513
0.763 0.4515
0.764 0.452
0.765 0.4524
0.766 0.4527
0.767 0.453
0.768 0.4536
0.769 0.454
0.77 0.4543
0.771 0.4547
0.772 0.4552
0.773 0.4555
0.774 0.456
0.775 0.4565
0.776 0.457
0.777 0.4574
0.778 0.4578
0.779 0.458
0.78 0.4585
0.781 0.4589
0.782 0.4592
0.783 0.4596
0.784 0.4602
0.785 0.4605
0.786 0.461
0.787 0.4612
0.788 0.4617
0.789 0.462
0.79 0.4623
0.791 0.4626
0.792 0.463
0.793 0.4633
0.794 0.4636
0.795 0.464
0.796 0.4645
0.797 0.4647
0.798 0.4652
0.799 0.4657
0.8 0.4662
0.801 0.4665
0.802 0.4668
0.803 0.4673
0.804 0.4677
0.805 0.4681
0.806 0.4685
0.807 0.4691
0.808 0.4694
0.809 0.4698
0.81 0.4701
0.811 0.4705
0.812 0.471
0.813 0.4713
0.814 0.4715
0.815 0.4721
0.816 0.4724
0.817 0.4727
0.818 0.4731
0.819 0.4736
0.82 0.4739
0.821 0.4742
0.822 0.4745
0.823 0.4748
0.824 0.4752
0.825 0.4757
0.826 0.476
0.827 0.4765
0.828 0.4769
0.829 0.4773
0.83 0.4778
0.831 0.4783
0.832 0.4785
0.833 0.4788
0.834 0.4792
0.835 0.4795
0.836 0.4801
0.837 0.4803
0.838 0.4808
0.839 0.4812
0.84 0.4816
0.841 0.4821
0.842 0.4827
0.843 0.4829
0.844 0.4834
0.845 0.4838
0.846 0.4842
0.847 0.4845
0.848 0.4849
0.849 0.4853
0.85 0.4855
0.851 0.4858
0.852 0.4861
0.853 0.4863
0.854 0.4866
0.855 0.487
0.856 0.4873
0.857 0.4876
0.858 0.4879
0.859 0.488
0.86 0.4886
0.861 0.4889
0.862 0.4894
0.863 0.4898
0.864 0.4905
0.865 0.4909
0.866 0.4912
0.867 0.4915
0.868 0.4919
0.869 0.4921
0.87 0.4924
0.871 0.4928
0.872 0.4931
0.873 0.4934
0.874 0.4937
0.875 0.4943
0.876 0.4946
0.877 0.495
0.878 0.4954
0.879 0.4958
0.88 0.4963
0.881 0.4967
0.882 0.4972
0.883 0.4974
0.884 0.4977
0.885 0.4982
0.886 0.4983
0.887 0.4987
0.888 0.4989
0.889 0.4991
0.89 0.4994
0.891 0.4999
0.892 0.5004
0.893 0.5007
0.894 0.5011
0.895 0.5013
0.896 0.5015
0.897 0.5018
0.898 0.502
0.899 0.5022
0.9 0.5026
0.901 0.5029
0.902 0.5032
0.903 0.5035
0.904 0.5039
0.905 0.5042
0.906 0.5045
0.907 0.505
0.908 0.5052
0.909 0.5054
0.91 0.5058
0.911 0.5061
0.912 0.5065
0.913 0.5069
0.914 0.5072
0.915 0.5077
0.916 0.508
0.917 0.5084
0.918 0.5086
0.919 0.5089
0.92 0.5092
0.921 0.5096
0.922 0.51
0.923 0.5105
0.924 0.5106
0.925 0.511
0.926 0.5113
0.927 0.5118
0.928 0.5122
0.929 0.5125
0.93 0.5128
0.931 0.5132
0.932 0.5133
0.933 0.5137
0.934 0.5141
0.935 0.5144
0.936 0.5148
0.937 0.5152
0.938 0.5155
0.939 0.5159
0.94 0.5162
0.941 0.5166
0.942 0.517
0.943 0.5172
0.944 0.5175
0.945 0.5178
0.946 0.5184
0.947 0.5187
0.948 0.519
0.949 0.5194
0.95 0.5197
0.951 0.52
0.952 0.5202
0.953 0.5204
0.954 0.5207
0.955 0.5211
0.956 0.5213
0.957 0.5215
0.958 0.5219
0.959 0.5223
0.96 0.5227
0.961 0.5231
0.962 0.5235
0.963 0.5238
0.964 0.524
0.965 0.5244
0.966 0.5247
0.967 0.5251
0.968 0.5255
0.969 0.5258
0.97 0.5262
0.971 0.5264
0.972 0.5269
0.973 0.5271
0.974 0.5275
0.975 0.5279
0.976 0.5281
0.977 0.5285
0.978 0.5289
0.979 0.5291
0.98 0.5296
0.981 0.53
0.982 0.5301
0.983 0.5302
0.984 0.5305
0.985 0.5309
0.986 0.5314
0.987 0.5319
0.988 0.5323
0.989 0.5327
0.99 0.533
0.991 0.5332
0.992 0.5335
0.993 0.534
0.994 0.5341
0.995 0.5344
0.996 0.5347
0.997 0.5351
0.998 0.5354
0.999 0.5357
1 0.536
1.001 0.5364
1.002 0.5367
1.003 0.5372
1.004 0.5376
1.005 0.5378
1.006 0.5382
1.007 0.5386
1.008 0.539
1.009 0.5394
1.01 0.5398
1.011 0.5401
1.012 0.5404
1.013 0.5407
1.014 0.5411
1.015 0.5414
1.016 0.5418
1.017 0.542
1.018 0.5423
1.019 0.5428
1.02 0.543
1.021 0.5434
1.022 0.5437
1.023 0.544
1.024 0.5446
1.025 0.5449
1.026 0.5452
1.027 0.5456
1.028 0.5459
1.029 0.5462
1.03 0.5465
1.031 0.5468
1.032 0.547
1.033 0.5472
1.034 0.5477
1.035 0.548
1.036 0.5483
1.037 0.5485
1.038 0.5488
1.039 0.5491
1.04 0.5494
1.041 0.5496
1.042 0.5499
1.043 0.5501
1.044 0.5503
1.045 0.5507
1.046 0.551
1.047 0.5512
1.048 0.5515
1.049 0.5518
1.05 0.5522
1.051 0.5524
1.052 0.5526
1.053 0.5528
1.054 0.5534
1.055 0.5537
1.056 0.554
1.057 0.5541
1.058 0.5544
1.059 0.5547
1.06 0.5551
1.061 0.5554
1.062 0.5558
1.063 0.556
1.064 0.5563
1.065 0.5565
1.066 0.5568
1.067 0.5572
1.068 0.5574
1.069 0.5577
1.07 0.558
1.071 0.5583
1.072 0.5586
1.073 0.5588
1.074 0.5589
1.075 0.5593
1.076 0.5597
1.077 0.5599
1.078 0.5604
1.079 0.5606
1.08 0.5609
1.081 0.5612
1.082 0.5615
1.083 0.5617
1.084 0.5621
1.085 0.5624
1.086 0.5627
1.087 0.563
1.088 0.5633
1.089 0.5637
1.09 0.5639
1.091 0.5642
1.092 0.5645
1.093 0.5649
1.094 0.5651
1.095 0.5655
1.096 0.5657
1.097 0.566
1.098 0.5662
1.099 0.5664
1.1 0.5667
1.101 0.5671
1.102 0.5675
1.103 0.5678
1.104 0.568
1.105 0.5682
1.106 0.5685
1.107 0.5689
1.108 0.5691
1.109 0.5693
1.11 0.5697
1.111 0.5699
1.112 0.5703
1.113 0.5706
1.114 0.571
1.115 0.5713
1.116 0.5715
1.117 0.5716
1.118 0.572
1.119 0.5723
1.12 0.5725
1.121 0.5728
1.122 0.5729
1.123 0.5732
1.124 0.5735
1.125 0.5738
1.126 0.5742
1.127 0.5745
1.128 0.5747
1.129 0.575
1.13 0.5754
1.131 0.5758
1.132 0.5761
1.133 0.5764
1.134 0.5767
1.135 0.577
1.136 0.5774
1.137 0.5776
1.138 0.578
1.139 0.5784
1.14 0.5785
1.141 0.5788
1.142 0.579
1.143 0.5793
1.144 0.5797
1.145 0.58
1.146 0.5803
1.147 0.5806
1.148 0.5809
1.149 0.581
1.15 0.5813
1.151 0.5817
1.152 0.582
1.153 0.5823
1.154 0.5824
1.155 0.5827
1.156 0.5831
1.157 0.5834
1.158 0.5837
1.159 0.5839
1.16 0.5842
1.161 0.5844
1.162 0.5846
1.163 0.585
1.164 0.5853
1.165 0.5857
1.166 0.586
1.167 0.5864
1.168 0.5866
1.169 0.5867
1.17 0.5871
1.171 0.5874
1.172 0.5877
1.173 0.588
1.174 0.5883
1.175 0.5885
1.176 0.589
1.177 0.5892
1.178 0.5895
1.179 0.5899
1.18 0.5904
1.181 0.5909
1.182 0.5912
1.183 0.5914
1.184 0.5918
1.185 0.592
1.186 0.5924
1.187 0.5927
1.188 0.5929
1.189 0.5932
1.19 0.5936
1.191 0.5939
1.192 0.5942
1.193 0.5944
1.194 0.5947
1.195 0.5949
1.196 0.5951
1.197 0.5953
1.198 0.5956
1.199 0.5958
1.2 0.596
1.201 0.5963
1.202 0.5967
1.203 0.5969
1.204 0.5973
1.205 0.5975
1.206 0.5978
1.207 0.5981
1.208 0.5984
1.209 0.5988
1.21 0.5992
1.211 0.5995
1.212 0.5998
1.213 0.6
1.214 0.6003
1.215 0.6005
1.216 0.6009
1.217 0.6011
1.218 0.6014
1.219 0.6016
1.22 0.602
1.221 0.6023
1.222 0.6026
1.223 0.603
1.224 0.6033
1.225 0.6037
1.226 0.6038
1.227 0.604
1.228 0.6044
1.229 0.6045
1.23 0.6048
1.231 0.605
1.232 0.6052
1.233 0.6053
1.234 0.6056
1.235 0.6059
1.236 0.606
1.237 0.6065
1.238 0.6068
1.239 0.607
1.24 0.6074
1.241 0.6075
1.242 0.6078
1.243 0.6083
1.244 0.6085
1.245 0.6088
1.246 0.6092
1.247 0.6094
1.248 0.6098
1.249 0.6101
1.25 0.6104
1.251 0.6107
1.252 0.611
1.253 0.6113
1.254 0.6117
1.255 0.6121
1.256 0.6123
1.257 0.6126
1.258 0.6128
1.259 0.613
1.26 0.6133
1.261 0.6134
1.262 0.6136
1.263 0.6139
1.264 0.6141
1.265 0.6144
1.266 0.6146
1.267 0.615
1.268 0.6152
1.269 0.6155
1.27 0.6159
1.271 0.6161
1.272 0.6165
1.273 0.6167
1.274 0.6172
1.275 0.6176
1.276 0.6179
1.277 0.6183
1.278 0.6186
1.279 0.6188
1.28 0.6189
1.281 0.6192
1.282 0.6196
1.283 0.6197
1.284 0.62
1.285 0.6203
1.286 0.6207
1.287 0.6209
1.288 0.6211
1.289 0.6213
1.29 0.6215
1.291 0.6218
1.292 0.6221
1.293 0.6225
1.294 0.6226
1.295 0.6228
1.296 0.623
1.297 0.6232
1.298 0.6234
1.299 0.6237
1.3 0.6239
1.301 0.624
1.302 0.6243
1.303 0.6246
1.304 0.6248
1.305 0.6251
1.306 0.6252
1.307 0.6254
1.308 0.6256
1.309 0.6259
1.31 0.6261
1.311 0.6264
1.312 0.6267
1.313 0.627
1.314 0.6272
1.315 0.6276
1.316 0.6279
1.317 0.6281
1.318 0.6283
1.319 0.6287
1.32 0.629
1.321 0.6293
1.322 0.6295
1.323 0.6297
1.324 0.6301
1.325 0.6304
1.326 0.6307
1.327 0.631
1.328 0.6312
1.329 0.6316
1.33 0.6318
1.331 0.632
1.332 0.6323
1.333 0.6325
1.334 0.6328
1.335 0.633
1.336 0.6333
1.337 0.6336
1.338 0.6339
1.339 0.6342
1.34 0.6344
1.341 0.6346
1.342 0.6348
1.343 0.6351
1.344 0.6353
1.345 0.6355
1.346 0.6358
1.347 0.6359
1.348 0.6362
1.349 0.6365
1.35 0.6369
1.351 0.6371
1.352 0.6373
1.353 0.6375
1.354 0.6378
1.355 0.6381
1.356 0.6383
1.357 0.6386
1.358 0.6388
1.359 0.6392
1.36 0.6396
1.361 0.6397
1.362 0.6399
1.363 0.6401
1.364 0.6404
1.365 0.6405
1.366 0.6408
1.367 0.641
1.368 0.6412
1.369 0.6414
1.37 0.6417
1.371 0.6419
1.372 0.6421
1.373 0.6425
1.374 0.6427
1.375 0.6429
1.376 0.6433
1.377 0.6435
1.378 0.6437
1.379 0.644
1.38 0.6443
1.381 0.6445
1.382 0.6447
1.383 0.6449
1.384 0.6452
1.385 0.6454
1.386 0.6457
1.387 0.6459
1.388 0.6462
1.389 0.6463
1.39 0.6467
1.391 0.647
1.392 0.6472
1.393 0.6473
1.394 0.6474
1.395 0.6477
1.396 0.648
1.397 0.6484
1.398 0.6486
1.399 0.6489
1.4 0.6491
1.401 0.6493
1.402 0.6494
1.403 0.6497
1.404 0.6499
1.405 0.6501
1.406 0.6503
1.407 0.6505
1.408 0.6506
1.409 0.6507
1.41 0.651
1.411 0.6511
1.412 0.6513
1.413 0.6515
1.414 0.6516
1.415 0.6518
1.416 0.6521
1.417 0.6525
1.418 0.6528
1.419 0.6529
1.42 0.6533
1.421 0.6537
1.422 0.654
1.423 0.6542
1.424 0.6545
1.425 0.6548
1.426 0.655
1.427 0.6552
1.428 0.6555
1.429 0.6559
1.43 0.6561
1.431 0.6564
1.432 0.6567
1.433 0.6569
1.434 0.6572
1.435 0.6574
1.436 0.6576
1.437 0.6579
1.438 0.6581
1.439 0.6583
1.44 0.6586
1.441 0.6587
1.442 0.6589
1.443 0.659
1.444 0.6593
1.445 0.6594
1.446 0.6597
1.447 0.6599
1.448 0.6603
1.449 0.6605
1.45 0.6608
1.451 0.661
1.452 0.6613
1.453 0.6616
1.454 0.6619
1.455 0.6621
1.456 0.6623
1.457 0.6624
1.458 0.6627
1.459 0.663
1.46 0.6633
1.461 0.6637
1.462 0.6639
1.463 0.6641
1.464 0.6643
1.465 0.6645
1.466 0.6649
1.467 0.6651
1.468 0.6655
1.469 0.6658
1.47 0.6659
1.471 0.6662
1.472 0.6662
1.473 0.6664
1.474 0.6667
1.475 0.6669
1.476 0.6673
1.477 0.6675
1.478 0.6676
1.479 0.6679
1.48 0.6681
1.481 0.6683
1.482 0.6684
1.483 0.6686
1.484 0.6688
1.485 0.6691
1.486 0.6693
1.487 0.6696
1.488 0.6698
1.489 0.6701
1.49 0.6703
1.491 0.6705
1.492 0.6707
1.493 0.671
1.494 0.6713
1.495 0.6715
1.496 0.6717
1.497 0.672
1.498 0.6722
1.499 0.6724
1.5 0.6727
1.501 0.673
1.502 0.6732
1.503 0.6734
1.504 0.6736
1.505 0.6738
1.506 0.674
1.507 0.6742
1.508 0.6743
1.509 0.6746
1.51 0.6748
1.511 0.6751
1.512 0.6753
1.513 0.6758
1.514 0.676
1.515 0.6762
1.516 0.6765
1.517 0.6767
1.518 0.6769
1.519 0.6772
1.52 0.6773
1.521 0.6775
1.522 0.6777
1.523 0.678
1.524 0.6782
1.525 0.6785
1.526 0.6786
1.527 0.6789
1.528 0.679
1.529 0.6793
1.53 0.6794
1.531 0.6795
1.532 0.6796
1.533 0.6799
1.534 0.68
1.535 0.6803
1.536 0.6804
1.537 0.6807
1.538 0.6812
1.539 0.6814
1.54 0.6815
1.541 0.6817
1.542 0.682
1.543 0.6823
1.544 0.6826
1.545 0.6828
1.546 0.6831
1.547 0.6833
1.548 0.6837
1.549 0.6838
1.55 0.684
1.551 0.6842
1.552 0.6844
1.553 0.6847
1.554 0.6849
1.555 0.6852
1.556 0.6853
1.557 0.6855
1.558 0.6858
1.559 0.686
1.56 0.6861
1.561 0.6862
1.562 0.6864
1.563 0.6866
1.564 0.6869
1.565 0.6871
1.566 0.6875
1.567 0.6877
1.568 0.6879
1.569 0.6881
1.57 0.6884
1.571 0.6885
1.572 0.6887
1.573 0.6891
1.574 0.6893
1.575 0.6895
1.576 0.6898
1.577 0.69
1.578 0.6903
1.579 0.6905
1.58 0.6908
1.581 0.6911
1.582 0.6912
1.583 0.6915
1.584 0.6917
1.585 0.692
1.586 0.6921
1.587 0.6924
1.588 0.6926
1.589 0.6927
1.59 0.6931
1.591 0.6933
1.592 0.6935
1.593 0.6937
1.594 0.6938
1.595 0.6939
1.596 0.6941
1.597 0.6943
1.598 0.6946
1.599 0.6948
1.6 0.695
1.601 0.6951
1.602 0.6954
1.603 0.6956
1.604 0.6958
1.605 0.696
1.606 0.6963
1.607 0.6964
1.608 0.6967
1.609 0.6969
1.61 0.6971
1.611 0.6972
1.612 0.6975
1.613 0.6979
1.614 0.6982
1.615 0.6984
1.616 0.6985
1.617 0.6988
1.618 0.699
1.619 0.6993
1.62 0.6996
1.621 0.6998
1.622 0.7
1.623 0.7001
1.624 0.7002
1.625 0.7004
1.626 0.7006
1.627 0.7007
1.628 0.701
1.629 0.7011
1.63 0.7012
1.631 0.7014
1.632 0.7016
1.633 0.7019
1.634 0.702
1.635 0.7023
1.636 0.7024
1.637 0.7027
1.638 0.7029
1.639 0.7031
1.64 0.7033
1.641 0.7035
1.642 0.7036
1.643 0.7037
1.644 0.704
1.645 0.7042
1.646 0.7044
1.647 0.7046
1.648 0.7047
1.649 0.705
1.65 0.705
1.651 0.7053
1.652 0.7055
1.653 0.7058
1.654 0.7062
1.655 0.7063
1.656 0.7066
1.657 0.7068
1.658 0.7071
1.659 0.7072
1.66 0.7076
1.661 0.7077
1.662 0.7079
1.663 0.7081
1.664 0.7084
1.665 0.7086
1.666 0.7089
1.667 0.7091
1.668 0.7093
1.669 0.7096
1.67 0.7099
1.671 0.71
1.672 0.7103
1.673 0.7104
1.674 0.7106
1.675 0.7108
1.676 0.7109
1.677 0.7112
1.678 0.7114
1.679 0.7116
1.68 0.7118
1.681 0.712
1.682 0.7123
1.683 0.7125
1.684 0.7126
1.685 0.7127
1.686 0.7128
1.687 0.7131
1.688 0.7133
1.689 0.7135
1.69 0.7136
1.691 0.7138
1.692 0.714
1.693 0.7142
1.694 0.7144
1.695 0.7144
1.696 0.7147
1.697 0.7149
1.698 0.715
1.699 0.7151
1.7 0.7152
1.701 0.7155
1.702 0.7157
1.703 0.7159
1.704 0.7161
1.705 0.7162
1.706 0.7163
1.707 0.7165
1.708 0.7169
1.709 0.7172
1.71 0.7174
1.711 0.7175
1.712 0.7177
1.713 0.718
1.714 0.7182
1.715 0.7185
1.716 0.7187
1.717 0.7188
1.718 0.719
1.719 0.7192
1.72 0.7193
1.721 0.7194
1.722 0.7195
1.723 0.7197
1.724 0.7199
1.725 0.72
1.726 0.7201
1.727 0.7204
1.728 0.7206
1.729 0.7209
1.73 0.7211
1.731 0.7212
1.732 0.7214
1.733 0.7216
1.734 0.7218
1.735 0.722
1.736 0.7222
1.737 0.7223
1.738 0.7225
1.739 0.7226
1.74 0.7229
1.741 0.723
1.742 0.7233
1.743 0.7234
1.744 0.7236
1.745 0.7237
1.746 0.7239
1.747 0.7241
1.748 0.7242
1.749 0.7245
1.75 0.7246
1.751 0.7249
1.752 0.7251
1.753 0.7253
1.754 0.7254
1.755 0.7255
1.756 0.7257
1.757 0.7258
1.758 0.7261
1.759 0.7262
1.76 0.7265
1.761 0.7266
1.762 0.7268
1.763 0.7269
1.764 0.7272
1.765 0.7273
1.766 0.7276
1.767 0.7277
1.768 0.728
1.769 0.7281
1.77 0.7282
1.771 0.7285
1.772 0.7287
1.773 0.729
1.774 0.7291
1.775 0.7293
1.776 0.7296
1.777 0.7298
1.778 0.73
1.779 0.7302
1.78 0.7303
1.781 0.7304
1.782 0.7306
1.783 0.7309
1.784 0.7311
1.785 0.7313
1.786 0.7315
1.787 0.7317
1.788 0.7318
1.789 0.732
1.79 0.7323
1.791 0.7324
1.792 0.7325
1.793 0.7327
1.794 0.7328
1.795 0.733
1.796 0.7332
1.797 0.7334
1.798 0.7336
1.799 0.7337
1.8 0.734
1.801 0.7342
1.802 0.7344
1.803 0.7345
1.804 0.7347
1.805 0.7347
1.806 0.7348
1.807 0.7352
1.808 0.7354
1.809 0.7355
1.81 0.7356
1.811 0.7357
1.812 0.7359
1.813 0.736
1.814 0.7362
1.815 0.7365
1.816 0.7366
1.817 0.7368
1.818 0.7369
1.819 0.7372
1.82 0.7374
1.821 0.7376
1.822 0.7378
1.823 0.7381
1.824 0.7381
1.825 0.7384
1.826 0.7386
1.827 0.7388
1.828 0.739
1.829 0.7391
1.83 0.7393
1.831 0.7394
1.832 0.7396
1.833 0.7399
1.834 0.74
1.835 0.7401
1.836 0.7403
1.837 0.7404
1.838 0.7406
1.839 0.7408
1.84 0.741
1.841 0.7412
1.842 0.7413
1.843 0.7415
1.844 0.7417
1.845 0.7418
1.846 0.7419
1.847 0.7422
1.848 0.7424
1.849 0.7425
1.85 0.7426
1.851 0.7427
1.852 0.7428
1.853 0.743
1.854 0.7433
1.855 0.7436
1.856 0.7437
1.857 0.7439
1.858 0.7441
1.859 0.7443
1.86 0.7444
1.861 0.7446
1.862 0.7448
1.863 0.745
1.864 0.7452
1.865 0.7453
1.866 0.7455
1.867 0.7457
1.868 0.7458
1.869 0.7459
1.87 0.746
1.871 0.7461
1.872 0.7463
1.873 0.7466
1.874 0.7468
1.875 0.747
1.876 0.7471
1.877 0.7473
1.878 0.7474
1.879 0.7475
1.88 0.7477
1.881 0.7479
1.882 0.7482
1.883 0.7484
1.884 0.7484
1.885 0.7486
1.886 0.7488
1.887 0.7489
1.888 0.7491
1.889 0.7492
1.89 0.7494
1.891 0.7495
1.892 0.7496
1.893 0.7498
1.894 0.75
1.895 0.7503
1.896 0.7504
1.897 0.7506
1.898 0.7507
1.899 0.7508
1.9 0.751
1.901 0.7512
1.902 0.7513
1.903 0.7515
1.904 0.7516
1.905 0.7518
1.906 0.7518
1.907 0.752
1.908 0.7522
1.909 0.7524
1.91 0.7526
1.911 0.7527
1.912 0.7529
1.913 0.7532
1.914 0.7533
1.915 0.7535
1.916 0.7538
1.917 0.7539
1.918 0.754
1.919 0.7542
1.92 0.7544
1.921 0.7546
1.922 0.7547
1.923 0.7548
1.924 0.7549
1.925 0.7549
1.926 0.7551
1.927 0.7552
1.928 0.7554
1.929 0.7555
1.93 0.7557
1.931 0.7558
1.932 0.756
1.933 0.7562
1.934 0.7563
1.935 0.7565
1.936 0.7565
1.937 0.7566
1.938 0.7568
1.939 0.757
1.94 0.7573
1.941 0.7574
1.942 0.7575
1.943 0.7579
1.944 0.758
1.945 0.7582
1.946 0.7583
1.947 0.7585
1.948 0.7586
1.949 0.7587
1.95 0.759
1.951 0.7591
1.952 0.7593
1.953 0.7594
1.954 0.7597
1.955 0.7599
1.956 0.76
1.957 0.7602
1.958 0.7604
1.959 0.7606
1.96 0.7608
1.961 0.7609
1.962 0.7611
1.963 0.7613
1.964 0.7614
1.965 0.7615
1.966 0.7616
1.967 0.7619
1.968 0.762
1.969 0.7622
1.97 0.7624
1.971 0.7625
1.972 0.7628
1.973 0.7629
1.974 0.763
1.975 0.7632
1.976 0.7634
1.977 0.7635
1.978 0.7637
1.979 0.7638
1.98 0.764
1.981 0.7641
1.982 0.7642
1.983 0.7644
1.984 0.7646
1.985 0.7648
1.986 0.7649
1.987 0.765
1.988 0.7651
1.989 0.7652
1.99 0.7654
1.991 0.7656
1.992 0.7658
1.993 0.7659
1.994 0.7659
1.995 0.7661
1.996 0.7664
1.997 0.7665
1.998 0.7668
1.999 0.7669
2 0.767
2.001 0.7671
2.002 0.7672
2.003 0.7673
2.004 0.7674
2.005 0.7675
2.006 0.7676
2.007 0.7677
2.008 0.7678
2.009 0.768
2.01 0.7681
2.011 0.7683
2.012 0.7684
2.013 0.7686
2.014 0.7687
2.015 0.7689
2.016 0.7691
2.017 0.7692
2.018 0.7693
2.019 0.7694
2.02 0.7696
2.021 0.7697
2.022 0.77
2.023 0.7701
2.024 0.7702
2.025 0.7703
2.026 0.7704
2.027 0.7705
2.028 0.7707
2.029 0.7708
2.03 0.7709
2.031 0.7712
2.032 0.7714
2.033 0.7717
2.034 0.7719
2.035 0.7721
2.036 0.7722
2.037 0.7723
2.038 0.7725
2.039 0.7727
2.04 0.7729
2.041 0.7731
2.042 0.7732
2.043 0.7735
2.044 0.7737
2.045 0.7738
2.046 0.774
2.047 0.7742
2.048 0.7743
2.049 0.7744
2.05 0.7746
2.051 0.7747
2.052 0.7749
2.053 0.775
2.054 0.7751
2.055 0.7752
2.056 0.7754
2.057 0.7756
2.058 0.7757
2.059 0.776
2.06 0.7762
2.061 0.7764
2.062 0.7765
2.063 0.7767
2.064 0.7767
2.065 0.7768
2.066 0.777
2.067 0.7774
2.068 0.7775
2.069 0.7776
2.07 0.7778
2.071 0.7779
2.072 0.7781
2.073 0.7783
2.074 0.7784
2.075 0.7785
2.076 0.7786
2.077 0.7789
2.078 0.779
2.079 0.7792
2.08 0.7796
2.081 0.7797
2.082 0.7798
2.083 0.7799
2.084 0.78
2.085 0.7802
2.086 0.7803
2.087 0.7806
2.088 0.7808
2.089 0.7809
2.09 0.7811
2.091 0.7813
2.092 0.7815
2.093 0.7816
2.094 0.7817
2.095 0.782
2.096 0.782
2.097 0.7822
2.098 0.7824
2.099 0.7826
2.1 0.7828
2.101 0.7828
2.102 0.783
2.103 0.7831
2.104 0.7831
2.105 0.7832
2.106 0.7833
2.107 0.7834
2.108 0.7835
2.109 0.7837
2.11 0.7838
2.112 0.7842
2.113 0.7843
2.114 0.7845
2.115 0.7847
2.116 0.7848
2.117 0.785
2.118 0.7851
2.119 0.7852
2.12 0.7853
2.121 0.7854
2.122 0.7856
2.123 0.7857
2.124 0.7858
2.125 0.786
2.126 0.7862
2.127 0.7864
2.128 0.7865
2.129 0.7866
2.13 0.7867
2.131 0.787
2.132 0.7872
2.133 0.7874
2.134 0.7876
2.135 0.7877
2.136 0.7879
2.137 0.788
2.138 0.7881
2.139 0.7882
2.14 0.7884
2.141 0.7886
2.142 0.7886
2.143 0.7887
2.144 0.7889
2.145 0.7892
2.146 0.7892
2.147 0.7894
2.148 0.7895
2.149 0.7896
2.15 0.7898
2.151 0.79
2.152 0.79
2.153 0.7902
2.154 0.7903
2.155 0.7904
2.156 0.7905
2.157 0.7907
2.158 0.7908
2.159 0.791
2.16 0.7913
2.161 0.7914
2.162 0.7915
2.163 0.7915
2.164 0.7917
2.165 0.7919
2.166 0.7921
2.167 0.7922
2.168 0.7923
2.169 0.7925
2.17 0.7929
2.171 0.7931
2.172 0.7932
2.173 0.7934
2.174 0.7935
2.175 0.7936
2.176 0.7936
2.177 0.7937
2.178 0.7939
2.179 0.794
2.18 0.7941
2.181 0.7943
2.182 0.7945
2.183 0.7947
2.184 0.7949
2.185 0.795
2.186 0.7951
2.187 0.7952
2.188 0.7954
2.189 0.7955
2.19 0.7957
2.191 0.7958
2.192 0.796
2.193 0.7961
2.194 0.7962
2.195 0.7963
2.196 0.7964
2.197 0.7965
2.198 0.7967
2.199 0.7968
2.2 0.797
2.201 0.7972
2.202 0.7973
2.203 0.7975
2.204 0.7977
2.205 0.7977
2.206 0.7978
2.208 0.7978
2.209 0.7979
2.21 0.798
2.211 0.7981
2.212 0.7982
2.213 0.7984
2.214 0.7985
2.215 0.7987
2.216 0.7989
2.217 0.7992
2.218 0.7994
2.219 0.7995
2.22 0.7997
2.221 0.7999
2.222 0.8
2.223 0.8
2.224 0.8002
2.225 0.8004
2.226 0.8005
2.227 0.8006
2.228 0.8008
2.229 0.8009
2.23 0.801
2.231 0.8012
2.232 0.8013
2.233 0.8015
2.234 0.8017
2.235 0.8018
2.236 0.8019
2.237 0.802
2.238 0.8022
2.239 0.8024
2.24 0.8025
2.241 0.8027
2.242 0.8028
2.243 0.803
2.244 0.803
2.245 0.8032
2.246 0.8034
2.247 0.8035
2.248 0.8036
2.249 0.8037
2.25 0.8038
2.251 0.8039
2.252 0.8041
2.253 0.8043
2.254 0.8043
2.255 0.8045
2.256 0.8045
2.257 0.8046
2.258 0.8047
2.259 0.8049
2.26 0.805
2.261 0.8051
2.262 0.8052
2.263 0.8054
2.264 0.8055
2.265 0.8056
2.266 0.8058
2.267 0.8059
2.268 0.806
2.269 0.8062
2.27 0.8062
2.271 0.8064
2.272 0.8065
2.273 0.8067
2.274 0.8069
2.275 0.807
2.276 0.8071
2.277 0.8073
2.278 0.8074
2.279 0.8075
2.28 0.8076
2.281 0.8077
2.282 0.8078
2.283 0.8079
2.284 0.808
2.285 0.8081
2.286 0.8083
2.287 0.8084
2.288 0.8086
2.289 0.8086
2.29 0.8087
2.291 0.8087
2.292 0.8088
2.293 0.809
2.294 0.8091
2.295 0.8093
2.296 0.8094
2.297 0.8095
2.298 0.8096
2.299 0.8098
2.3 0.8099
2.301 0.8099
2.302 0.8101
2.303 0.8103
2.304 0.8105
2.305 0.8106
2.306 0.8107
2.307 0.8109
2.308 0.8111
2.309 0.8112
2.31 0.8113
2.311 0.8115
2.312 0.8117
2.313 0.8117
2.314 0.8119
2.315 0.812
2.316 0.8122
2.317 0.8123
2.318 0.8123
2.319 0.8124
2.32 0.8125
2.321 0.8125
2.322 0.8126
2.323 0.8126
2.324 0.8127
2.325 0.8128
2.326 0.8129
2.327 0.813
2.328 0.8131
2.329 0.8131
2.33 0.8132
2.331 0.8134
2.332 0.8134
2.333 0.8136
2.334 0.8138
2.335 0.8139
2.336 0.8141
2.337 0.8143
2.338 0.8144
2.339 0.8146
2.34 0.8147
2.341 0.8148
2.342 0.8149
2.343 0.8151
2.344 0.8152
2.345 0.8152
2.346 0.8154
2.347 0.8155
2.348 0.8156
2.349 0.8158
2.35 0.816
2.351 0.8161
2.352 0.8162
2.353 0.8162
2.354 0.8164
2.355 0.8166
2.356 0.8167
2.357 0.8171
2.358 0.8172
2.359 0.8173
2.36 0.8175
2.361 0.8176
2.362 0.8177
2.363 0.8178
2.364 0.8179
2.365 0.818
2.366 0.8182
2.367 0.8183
2.368 0.8184
2.369 0.8186
2.37 0.8186
2.371 0.8188
2.372 0.8188
2.373 0.8189
2.374 0.8189
2.375 0.8191
2.376 0.8191
2.377 0.8193
2.378 0.8194
2.379 0.8195
2.38 0.8196
2.381 0.8196
2.382 0.8197
2.383 0.8198
2.384 0.8199
2.385 0.8199
2.386 0.8202
2.387 0.8203
2.388 0.8204
2.389 0.8206
2.39 0.8207
2.391 0.8207
2.392 0.8209
2.393 0.821
2.394 0.8211
2.395 0.8212
2.396 0.8214
2.397 0.8214
2.398 0.8215
2.399 0.8217
2.4 0.8218
2.401 0.822
2.402 0.822
2.403 0.8222
2.404 0.8223
2.405 0.8224
2.406 0.8224
2.407 0.8226
2.408 0.8227
2.409 0.8228
2.41 0.8229
2.411 0.823
2.412 0.8231
2.413 0.8231
2.414 0.8233
2.415 0.8234
2.416 0.8236
2.417 0.824
2.418 0.8241
2.419 0.8241
2.42 0.8243
2.421 0.8244
2.422 0.8246
2.423 0.8246
2.424 0.8248
2.426 0.8248
2.427 0.8249
2.428 0.8251
2.429 0.8252
2.43 0.8252
2.431 0.8253
2.432 0.8254
2.433 0.8255
2.434 0.8257
2.435 0.8258
2.436 0.8259
2.437 0.826
2.438 0.8261
2.439 0.8261
2.44 0.8261
2.441 0.8262
2.442 0.8264
2.443 0.8265
2.444 0.8266
2.445 0.8266
2.446 0.8268
2.447 0.8269
2.448 0.8271
2.449 0.8273
2.45 0.8274
2.451 0.8275
2.452 0.8276
2.453 0.8277
2.454 0.8277
2.455 0.8278
2.456 0.8279
2.457 0.828
2.458 0.8283
2.459 0.8284
2.46 0.8284
2.461 0.8286
2.462 0.8287
2.463 0.8288
2.464 0.8289
2.465 0.8289
2.466 0.829
2.467 0.829
2.468 0.8292
2.469 0.8294
2.47 0.8296
2.471 0.8298
2.472 0.8299
2.473 0.83
2.474 0.8302
2.475 0.8303
2.476 0.8304
2.477 0.8305
2.478 0.8306
2.479 0.8307
2.48 0.8307
2.481 0.8309
2.482 0.8311
2.483 0.8313
2.484 0.8313
2.485 0.8314
2.486 0.8315
2.487 0.8316
2.488 0.8317
2.489 0.8318
2.49 0.8318
2.491 0.8319
2.492 0.832
2.493 0.8321
2.494 0.8322
2.495 0.8323
2.496 0.8324
2.497 0.8325
2.498 0.8326
2.5 0.8327
2.501 0.8328
2.502 0.8329
2.503 0.833
2.504 0.8331
2.505 0.8332
2.506 0.8332
2.507 0.8333
2.508 0.8335
2.509 0.8335
2.51 0.8336
2.511 0.8337
2.512 0.8338
2.513 0.8338
2.514 0.8339
2.515 0.834
2.516 0.8341
2.517 0.8342
2.518 0.8343
2.519 0.8345
2.52 0.8346
2.521 0.8347
2.522 0.8348
2.523 0.835
2.524 0.835
2.525 0.8352
2.526 0.8353
2.527 0.8354
2.528 0.8355
2.529 0.8357
2.53 0.8358
2.531 0.8359
2.532 0.836
2.533 0.8361
2.534 0.8362
2.535 0.8363
2.536 0.8366
2.537 0.8367
2.538 0.8367
2.539 0.8368
2.54 0.8369
2.541 0.837
2.543 0.8372
2.544 0.8372
2.545 0.8374
2.546 0.8375
2.547 0.8376
2.548 0.8376
2.549 0.8377
2.55 0.8379
2.551 0.8379
2.552 0.838
2.553 0.8382
2.554 0.8384
2.555 0.8385
2.556 0.8385
2.557 0.8387
2.558 0.8387
2.559 0.8388
2.56 0.8389
2.561 0.8389
2.562 0.8391
2.563 0.8394
2.564 0.8394
2.565 0.8395
2.566 0.8395
2.567 0.8397
2.568 0.8398
2.569 0.8398
2.57 0.8399
2.571 0.84
2.572 0.84
2.573 0.8401
2.575 0.8402
2.576 0.8403
2.577 0.8404
2.578 0.8404
2.579 0.8406
2.58 0.8407
2.581 0.8408
2.582 0.8409
2.583 0.8409
2.584 0.8411
2.585 0.8412
2.586 0.8414
2.587 0.8415
2.588 0.8417
2.589 0.8417
2.59 0.8418
2.591 0.8419
2.592 0.842
2.593 0.8421
2.594 0.8422
2.595 0.8424
2.596 0.8425
2.597 0.8426
2.598 0.8427
2.599 0.8428
2.6 0.8429
2.601 0.843
2.602 0.8431
2.603 0.8433
2.604 0.8435
2.605 0.8437
2.606 0.8438
2.607 0.8439
2.608 0.8441
2.609 0.8443
2.61 0.8443
2.611 0.8445
2.612 0.8447
2.613 0.8447
2.614 0.8448
2.615 0.8449
2.616 0.845
2.617 0.8451
2.618 0.8452
2.619 0.8453
2.62 0.8453
2.621 0.8454
2.622 0.8455
2.623 0.8456
2.624 0.8457
2.625 0.8458
2.626 0.8459
2.627 0.846
2.628 0.8461
2.629 0.8463
2.63 0.8465
2.631 0.8466
2.632 0.8467
2.633 0.8468
2.634 0.8469
2.635 0.8469
2.636 0.847
2.637 0.847
2.638 0.8471
2.64 0.8472
2.641 0.8473
2.642 0.8475
2.644 0.8475
2.645 0.8476
2.646 0.8477
2.647 0.8478
2.648 0.8479
2.649 0.8479
2.65 0.848
2.651 0.848
2.652 0.8481
2.653 0.8482
2.654 0.8484
2.655 0.8486
2.656 0.8488
2.657 0.8489
2.658 0.8489
2.659 0.8492
2.66 0.8493
2.661 0.8494
2.662 0.8495
2.663 0.8496
2.664 0.8498
2.665 0.8498
2.666 0.85
2.667 0.85
2.668 0.8501
2.669 0.8502
2.67 0.8502
2.671 0.8504
2.672 0.8506
2.674 0.8506
2.675 0.8507
2.676 0.8509
2.677 0.8509
2.678 0.851
2.679 0.851
2.68 0.8511
2.681 0.8511
2.682 0.8512
2.683 0.8512
2.684 0.8514
2.685 0.8515
2.686 0.8517
2.687 0.8518
2.688 0.8519
2.689 0.852
2.69 0.8521
2.691 0.8522
2.692 0.8524
2.693 0.8524
2.694 0.8526
2.695 0.8527
2.696 0.8528
2.697 0.8529
2.698 0.853
2.699 0.8532
2.7 0.8533
2.701 0.8534
2.702 0.8535
2.703 0.8536
2.704 0.8537
2.705 0.8538
2.706 0.8539
2.707 0.854
2.708 0.8542
2.709 0.8542
2.711 0.8543
2.712 0.8543
2.713 0.8544
2.714 0.8545
2.715 0.8545
2.716 0.8546
2.717 0.8546
2.718 0.8547
2.719 0.8548
2.72 0.8549
2.721 0.855
2.722 0.8551
2.723 0.8553
2.724 0.8553
2.725 0.8555
2.726 0.8555
2.727 0.8556
2.728 0.8557
2.729 0.8557
2.73 0.8558
2.731 0.8558
2.732 0.8559
2.733 0.8559
2.734 0.856
2.735 0.856
2.736 0.8561
2.737 0.8562
2.738 0.8564
2.739 0.8566
2.74 0.8567
2.741 0.8568
2.742 0.8569
2.743 0.8569
2.744 0.8569
2.745 0.8571
2.746 0.8573
2.747 0.8573
2.748 0.8575
2.749 0.8576
2.75 0.8576
2.751 0.8577
2.752 0.8579
2.753 0.8579
2.754 0.858
2.755 0.8581
2.756 0.8582
2.757 0.8583
2.758 0.8584
2.76 0.8584
2.761 0.8585
2.762 0.8586
2.764 0.8587
2.766 0.8587
2.767 0.8589
2.768 0.859
2.769 0.859
2.77 0.8592
2.771 0.8593
2.772 0.8594
2.773 0.8595
2.774 0.8597
2.775 0.8598
2.776 0.8599
2.777 0.86
2.778 0.8601
2.779 0.8602
2.78 0.8602
2.781 0.8604
2.782 0.8604
2.783 0.8606
2.784 0.8607
2.785 0.8608
2.786 0.8609
2.787 0.8611
2.788 0.8612
2.789 0.8613
2.79 0.8614
2.791 0.8615
2.792 0.8616
2.793 0.8617
2.794 0.8617
2.795 0.8618
2.796 0.8619
2.797 0.862
2.798 0.8621
2.799 0.8622
2.8 0.8622
2.802 0.8624
2.803 0.8626
2.804 0.8628
2.805 0.8629
2.806 0.863
2.807 0.8631
2.808 0.8632
2.809 0.8633
2.81 0.8634
2.811 0.8635
2.812 0.8635
2.813 0.8636
2.814 0.8636
2.815 0.8637
2.816 0.8638
2.817 0.8639
2.818 0.864
2.819 0.8641
2.82 0.8641
2.821 0.8641
2.822 0.8642
2.823 0.8644
2.824 0.8644
2.825 0.8644
2.827 0.8645
2.828 0.8645
2.829 0.8647
2.83 0.8648
2.831 0.8649
2.832 0.865
2.833 0.8651
2.834 0.8652
2.835 0.8652
2.836 0.8653
2.837 0.8654
2.838 0.8655
2.839 0.8656
2.84 0.8656
2.841 0.8657
2.842 0.8657
2.843 0.8658
2.844 0.8658
2.845 0.8659
2.846 0.866
2.847 0.8661
2.848 0.8662
2.849 0.8663
2.851 0.8664
2.852 0.8664
2.853 0.8665
2.854 0.8665
2.855 0.8666
2.856 0.8668
2.857 0.8668
2.858 0.8668
2.859 0.8669
2.86 0.867
2.861 0.8671
2.862 0.8673
2.863 0.8674
2.864 0.8675
2.865 0.8676
2.866 0.8677
2.867 0.8678
2.868 0.868
2.869 0.8681
2.87 0.8681
2.871 0.8682
2.872 0.8683
2.874 0.8683
2.875 0.8684
2.876 0.8684
2.877 0.8685
2.878 0.8686
2.879 0.8686
2.88 0.8688
2.881 0.8689
2.883 0.869
2.884 0.8691
2.885 0.8692
2.886 0.8693
2.887 0.8693
2.888 0.8694
2.889 0.8695
2.89 0.8695
2.891 0.8696
2.892 0.8697
2.893 0.8698
2.894 0.87
2.895 0.8701
2.896 0.8702
2.897 0.8703
2.898 0.8703
2.899 0.8704
2.9 0.8704
2.901 0.8705
2.902 0.8706
2.903 0.8707
2.904 0.8708
2.905 0.8708
2.906 0.8709
2.908 0.8709
2.909 0.871
2.91 0.8711
2.911 0.8712
2.912 0.8714
2.913 0.8715
2.914 0.8715
2.915 0.8715
2.916 0.8716
2.917 0.8717
2.918 0.8719
2.919 0.872
2.92 0.8721
2.921 0.8721
2.922 0.8722
2.923 0.8723
2.924 0.8725
2.925 0.8727
2.926 0.8729
2.927 0.873
2.928 0.8731
2.929 0.8731
2.93 0.8732
2.931 0.8733
2.934 0.8734
2.935 0.8734
2.936 0.8735
2.937 0.8735
2.938 0.8735
2.939 0.8737
2.94 0.8738
2.941 0.8738
2.942 0.8738
2.943 0.8739
2.944 0.874
2.946 0.8741
2.947 0.8742
2.948 0.8743
2.949 0.8744
2.95 0.8744
2.951 0.8746
2.953 0.8746
2.954 0.8747
2.955 0.8749
2.956 0.8749
2.957 0.875
2.958 0.8751
2.959 0.8752
2.96 0.8753
2.961 0.8754
2.962 0.8754
2.963 0.8755
2.964 0.8755
2.965 0.8756
2.966 0.8757
2.967 0.8757
2.968 0.8758
2.969 0.8759
2.97 0.876
2.971 0.876
2.972 0.8761
2.973 0.8762
2.974 0.8763
2.975 0.8764
2.977 0.8765
2.978 0.8766
2.979 0.8766
2.98 0.8767
2.981 0.8768
2.982 0.8768
2.984 0.8769
2.985 0.8769
2.986 0.877
2.987 0.8771
2.988 0.8772
2.99 0.8772
2.991 0.8773
2.992 0.8774
2.993 0.8774
2.994 0.8775
2.995 0.8776
2.996 0.8776
2.997 0.8777
2.998 0.8777
2.999 0.8778
3 0.8779
3.001 0.8779
3.002 0.878
3.003 0.878
3.004 0.878
3.005 0.8781
3.006 0.8781
3.007 0.8782
3.008 0.8783
3.009 0.8783
3.01 0.8784
3.011 0.8785
3.012 0.8786
3.013 0.8787
3.014 0.8788
3.015 0.8788
3.016 0.8789
3.017 0.879
3.018 0.879
3.019 0.8791
3.02 0.8792
3.021 0.8793
3.022 0.8794
3.023 0.8795
3.024 0.8795
3.025 0.8796
3.026 0.8796
3.027 0.8797
3.028 0.8798
3.029 0.8799
3.03 0.88
3.031 0.8801
3.032 0.8802
3.033 0.8803
3.034 0.8803
3.035 0.8804
3.036 0.8804
3.037 0.8805
3.038 0.8805
3.04 0.8806
3.041 0.8807
3.042 0.8807
3.043 0.8808
3.044 0.8809
3.046 0.881
3.047 0.8811
3.049 0.8812
3.05 0.8812
3.051 0.8814
3.052 0.8815
3.053 0.8816
3.054 0.8816
3.055 0.8817
3.056 0.8819
3.057 0.882
3.058 0.8821
3.059 0.8822
3.06 0.8822
3.061 0.8823
3.062 0.8824
3.063 0.8824
3.064 0.8825
3.065 0.8825
3.066 0.8825
3.067 0.8827
3.068 0.8827
3.069 0.8828
3.07 0.8828
3.072 0.8831
3.073 0.8832
3.074 0.8832
3.075 0.8833
3.076 0.8834
3.077 0.8835
3.078 0.8836
3.079 0.8836
3.08 0.8837
3.081 0.8839
3.082 0.8839
3.083 0.884
3.084 0.884
3.085 0.8841
3.086 0.8843
3.087 0.8843
3.088 0.8843
3.089 0.8844
3.09 0.8845
3.091 0.8846
3.092 0.8846
3.093 0.8848
3.094 0.8848
3.095 0.8849
3.096 0.885
3.097 0.885
3.098 0.8852
3.099 0.8852
3.101 0.8853
3.102 0.8854
3.103 0.8855
3.104 0.8856
3.105 0.8857
3.106 0.8857
3.107 0.8858
3.108 0.8859
3.109 0.8859
3.11 0.886
3.111 0.8861
3.112 0.8862
3.113 0.8863
3.114 0.8864
3.115 0.8865
3.116 0.8865
3.117 0.8866
3.118 0.8867
3.12 0.8868
3.121 0.8869
3.122 0.8869
3.123 0.887
3.124 0.887
3.125 0.8871
3.126 0.8872
3.127 0.8872
3.128 0.8873
3.129 0.8874
3.13 0.8874
3.131 0.8875
3.132 0.8875
3.133 0.8876
3.134 0.8877
3.135 0.8878
3.136 0.8879
3.137 0.8879
3.138 0.8879
3.139 0.888
3.14 0.8881
3.141 0.8881
3.142 0.8882
3.143 0.8883
3.144 0.8883
3.145 0.8884
3.146 0.8884
3.147 0.8885
3.148 0.8886
3.149 0.8887
3.15 0.8887
3.151 0.8888
3.152 0.8888
3.153 0.8889
3.154 0.889
3.155 0.889
3.156 0.8891
3.157 0.8892
3.158 0.8893
3.159 0.8894
3.16 0.8895
3.161 0.8895
3.162 0.8896
3.163 0.8896
3.164 0.8897
3.165 0.8898
3.166 0.8898
3.167 0.8899
3.168 0.89
3.169 0.89
3.17 0.89
3.171 0.8902
3.172 0.8903
3.173 0.8904
3.175 0.8905
3.176 0.8906
3.177 0.8907
3.178 0.8907
3.179 0.8908
3.18 0.8908
3.181 0.8909
3.182 0.8911
3.183 0.8912
3.184 0.8912
3.185 0.8913
3.186 0.8914
3.187 0.8915
3.188 0.8915
3.189 0.8916
3.19 0.8917
3.191 0.8918
3.192 0.8919
3.194 0.892
3.195 0.892
3.196 0.8921
3.197 0.8922
3.198 0.8923
3.199 0.8923
3.2 0.8924
3.201 0.8925
3.202 0.8925
3.203 0.8926
3.204 0.8926
3.205 0.8927
3.206 0.8928
3.207 0.8929
3.208 0.893
3.209 0.893
3.21 0.8931
3.212 0.8932
3.213 0.8933
3.214 0.8933
3.215 0.8933
3.216 0.8934
3.217 0.8935
3.218 0.8936
3.219 0.8936
3.22 0.8936
3.221 0.8937
3.223 0.8937
3.224 0.8938
3.225 0.8938
3.226 0.8939
3.227 0.894
3.228 0.8941
3.229 0.8942
3.23 0.8942
3.231 0.8943
3.232 0.8944
3.233 0.8945
3.234 0.8947
3.235 0.8947
3.236 0.8948
3.237 0.8948
3.238 0.8949
3.239 0.8949
3.24 0.895
3.241 0.8951
3.242 0.8951
3.243 0.8951
3.244 0.8953
3.245 0.8953
3.246 0.8954
3.247 0.8955
3.249 0.8955
3.25 0.8956
3.251 0.8956
3.252 0.8956
3.253 0.8957
3.254 0.8958
3.255 0.8958
3.256 0.8959
3.257 0.896
3.259 0.8962
3.26 0.8963
3.261 0.8963
3.262 0.8964
3.263 0.8964
3.264 0.8965
3.265 0.8966
3.266 0.8967
3.267 0.8967
3.268 0.8968
3.269 0.8969
3.27 0.897
3.271 0.897
3.272 0.8971
3.273 0.8972
3.274 0.8973
3.275 0.8974
3.276 0.8974
3.277 0.8975
3.278 0.8976
3.279 0.8977
3.28 0.8978
3.281 0.8978
3.282 0.8979
3.283 0.8979
3.284 0.898
3.285 0.898
3.286 0.8981
3.287 0.8982
3.288 0.8982
3.289 0.8984
3.29 0.8984
3.291 0.8985
3.292 0.8985
3.295 0.8986
3.296 0.8987
3.297 0.8987
3.298 0.8987
3.299 0.8988
3.3 0.8988
3.301 0.8988
3.302 0.8989
3.303 0.8989
3.304 0.8991
3.305 0.8991
3.306 0.8992
3.307 0.8993
3.308 0.8994
3.309 0.8995
3.31 0.8995
3.311 0.8995
3.312 0.8996
3.313 0.8997
3.314 0.8998
3.315 0.8998
3.316 0.9
3.317 0.9
3.318 0.9
3.319 0.9001
3.32 0.9002
3.321 0.9003
3.324 0.9004
3.325 0.9005
3.326 0.9005
3.327 0.9005
3.328 0.9007
3.329 0.9007
3.33 0.9008
3.331 0.9009
3.332 0.9009
3.334 0.901
3.335 0.9011
3.336 0.9011
3.337 0.9012
3.338 0.9013
3.339 0.9014
3.341 0.9014
3.342 0.9015
3.343 0.9016
3.344 0.9017
3.345 0.9017
3.346 0.9018
3.347 0.9018
3.348 0.9019
3.349 0.902
3.35 0.9021
3.351 0.9021
3.352 0.9022
3.353 0.9022
3.354 0.9023
3.355 0.9024
3.356 0.9024
3.358 0.9025
3.359 0.9027
3.36 0.9027
3.362 0.9028
3.364 0.9028
3.365 0.9029
3.366 0.9029
3.367 0.903
3.368 0.9031
3.369 0.9032
3.37 0.9033
3.371 0.9033
3.372 0.9034
3.373 0.9034
3.374 0.9035
3.375 0.9036
3.376 0.9036
3.377 0.9037
3.378 0.9037
3.379 0.9037
3.38 0.9038
3.381 0.9039
3.382 0.9039
3.383 0.904
3.384 0.904
3.385 0.9041
3.387 0.9041
3.388 0.9042
3.389 0.9042
3.39 0.9043
3.391 0.9044
3.392 0.9045
3.393 0.9046
3.394 0.9047
3.395 0.9047
3.396 0.9048
3.397 0.9049
3.398 0.9049
3.399 0.905
3.4 0.9051
3.401 0.9051
3.402 0.9052
3.403 0.9052
3.404 0.9053
3.405 0.9053
3.406 0.9053
3.407 0.9054
3.408 0.9055
3.409 0.9055
3.41 0.9056
3.411 0.9057
3.412 0.9057
3.413 0.9058
3.414 0.9059
3.415 0.9059
3.416 0.906
3.417 0.906
3.418 0.9061
3.419 0.9061
3.42 0.9062
3.421 0.9063
3.422 0.9064
3.423 0.9065
3.424 0.9065
3.425 0.9066
3.426 0.9067
3.427 0.9067
3.428 0.9068
3.429 0.9068
3.431 0.9069
3.432 0.907
3.433 0.907
3.434 0.9071
3.435 0.9071
3.436 0.9072
3.437 0.9072
3.438 0.9073
3.439 0.9074
3.44 0.9074
3.441 0.9075
3.443 0.9075
3.444 0.9076
3.445 0.9077
3.447 0.9078
3.448 0.9078
3.449 0.9079
3.451 0.908
3.452 0.908
3.453 0.908
3.454 0.9081
3.455 0.9082
3.456 0.9083
3.457 0.9084
3.458 0.9084
3.459 0.9085
3.46 0.9086
3.462 0.9086
3.463 0.9087
3.464 0.9088
3.465 0.9088
3.466 0.9089
3.467 0.9089
3.468 0.909
3.469 0.9091
3.47 0.9092
3.472 0.9092
3.473 0.9093
3.474 0.9093
3.475 0.9093
3.476 0.9094
3.477 0.9094
3.478 0.9094
3.479 0.9095
3.48 0.9095
3.481 0.9096
3.482 0.9096
3.483 0.9097
3.484 0.9097
3.485 0.9098
3.486 0.9099
3.487 0.91
3.488 0.91
3.489 0.9101
3.49 0.9102
3.491 0.9102
3.492 0.9102
3.493 0.9103
3.494 0.9103
3.495 0.9104
3.496 0.9105
3.497 0.9105
3.498 0.9106
3.5 0.9106
3.501 0.9107
3.502 0.9108
3.503 0.9108
3.504 0.9109
3.505 0.911
3.506 0.9111
3.507 0.9111
3.508 0.9112
3.509 0.9113
3.51 0.9113
3.512 0.9114
3.513 0.9114
3.514 0.9115
3.515 0.9115
3.517 0.9116
3.52 0.9116
3.521 0.9116
3.522 0.9117
3.523 0.9117
3.524 0.9118
3.525 0.9118
3.526 0.9119
3.528 0.912
3.529 0.9121
3.53 0.9123
3.531 0.9124
3.532 0.9124
3.533 0.9125
3.534 0.9125
3.535 0.9126
3.536 0.9126
3.537 0.9126
3.538 0.9127
3.539 0.9128
3.54 0.9128
3.541 0.9129
3.543 0.913
3.544 0.913
3.545 0.9132
3.547 0.9132
3.548 0.9133
3.55 0.9133
3.551 0.9134
3.552 0.9134
3.553 0.9134
3.554 0.9135
3.558 0.9136
3.559 0.9137
3.56 0.9137
3.561 0.9138
3.564 0.9138
3.565 0.9138
3.566 0.9139
3.568 0.9139
3.57 0.914
3.571 0.9141
3.572 0.9142
3.574 0.9143
3.576 0.9143
3.577 0.9144
3.578 0.9145
3.579 0.9146
3.58 0.9146
3.581 0.9147
3.582 0.9148
3.583 0.9149
3.584 0.915
3.585 0.915
3.586 0.9151
3.587 0.9152
3.588 0.9152
3.589 0.9152
3.59 0.9153
3.591 0.9153
3.592 0.9154
3.594 0.9154
3.595 0.9155
3.596 0.9156
3.597 0.9156
3.598 0.9156
3.599 0.9158
3.6 0.9158
3.601 0.9159
3.603 0.9159
3.605 0.9159
3.606 0.916
3.607 0.916
3.608 0.9161
3.609 0.9161
3.61 0.9161
3.613 0.9162
3.614 0.9162
3.615 0.9163
3.616 0.9163
3.617 0.9164
3.618 0.9164
3.621 0.9164
3.622 0.9165
3.623 0.9166
3.624 0.9167
3.625 0.9168
3.626 0.9169
3.627 0.9169
3.628 0.917
3.63 0.917
3.632 0.917
3.633 0.9171
3.634 0.9172
3.635 0.9172
3.636 0.9173
3.637 0.9174
3.639 0.9175
3.64 0.9175
3.641 0.9175
3.644 0.9177
3.645 0.9177
3.646 0.9178
3.647 0.9178
3.648 0.9179
3.65 0.918
3.651 0.918
3.654 0.9181
3.656 0.9181
3.657 0.9182
3.658 0.9183
3.659 0.9183
3.661 0.9183
3.662 0.9184
3.663 0.9184
3.665 0.9185
3.667 0.9186
3.668 0.9187
3.669 0.9187
3.67 0.9188
3.671 0.9189
3.672 0.9189
3.673 0.9189
3.674 0.919
3.675 0.9191
3.676 0.9191
3.677 0.9191
3.678 0.9192
3.679 0.9193
3.68 0.9194
3.682 0.9194
3.683 0.9195
3.685 0.9196
3.686 0.9197
3.687 0.9197
3.688 0.9198
3.69 0.9198
3.691 0.9199
3.692 0.92
3.693 0.9201
3.694 0.9201
3.696 0.9201
3.697 0.9202
3.698 0.9203
3.699 0.9203
3.7 0.9204
3.701 0.9204
3.702 0.9205
3.703 0.9205
3.705 0.9206
3.706 0.9207
3.709 0.9207
3.71 0.9207
3.711 0.9208
3.712 0.9208
3.713 0.921
3.715 0.921
3.716 0.9211
3.717 0.9212
3.718 0.9212
3.719 0.9212
3.721 0.9213
3.722 0.9213
3.723 0.9214
3.724 0.9214
3.725 0.9215
3.726 0.9215
3.727 0.9216
3.728 0.9217
3.729 0.9217
3.73 0.9218
3.731 0.9219
3.732 0.9219
3.733 0.922
3.734 0.922
3.735 0.9221
3.736 0.9222
3.737 0.9222
3.738 0.9222
3.739 0.9223
3.74 0.9223
3.741 0.9224
3.742 0.9224
3.743 0.9225
3.744 0.9226
3.745 0.9226
3.746 0.9227
3.747 0.9227
3.748 0.9228
3.75 0.9228
3.752 0.9228
3.753 0.9228
3.754 0.9229
3.756 0.9229
3.757 0.923
3.758 0.923
3.759 0.9231
3.76 0.9231
3.761 0.9231
3.762 0.9232
3.764 0.9232
3.765 0.9233
3.766 0.9233
3.767 0.9234
3.768 0.9235
3.769 0.9235
3.77 0.9236
3.772 0.9237
3.773 0.9237
3.774 0.9237
3.777 0.9238
3.778 0.9239
3.779 0.9239
3.781 0.9239
3.782 0.924
3.783 0.924
3.784 0.9241
3.786 0.9241
3.787 0.9242
3.788 0.9242
3.789 0.9242
3.79 0.9243
3.791 0.9243
3.792 0.9243
3.793 0.9244
3.794 0.9244
3.795 0.9244
3.797 0.9245
3.798 0.9245
3.799 0.9246
3.8 0.9246
3.802 0.9246
3.803 0.9247
3.804 0.9247
3.805 0.9247
3.806 0.9248
3.807 0.9248
3.808 0.9248
3.809 0.9249
3.81 0.925
3.811 0.925
3.812 0.925
3.813 0.9251
3.814 0.9251
3.815 0.9251
3.817 0.9252
3.818 0.9253
3.819 0.9253
3.821 0.9254
3.822 0.9254
3.823 0.9255
3.824 0.9255
3.825 0.9256
3.827 0.9256
3.828 0.9256
3.829 0.9257
3.83 0.9258
3.831 0.9258
3.832 0.9259
3.833 0.9259
3.834 0.926
3.836 0.926
3.837 0.9261
3.838 0.9261
3.839 0.9262
3.841 0.9263
3.842 0.9264
3.843 0.9264
3.845 0.9264
3.847 0.9265
3.848 0.9265
3.85 0.9266
3.851 0.9266
3.852 0.9267
3.853 0.9267
3.854 0.9268
3.855 0.9268
3.856 0.9269
3.857 0.9269
3.859 0.927
3.86 0.9271
3.861 0.9272
3.862 0.9272
3.863 0.9273
3.864 0.9274
3.865 0.9274
3.866 0.9275
3.867 0.9276
3.868 0.9276
3.87 0.9277
3.871 0.9277
3.872 0.9278
3.873 0.9278
3.874 0.9279
3.875 0.928
3.876 0.928
3.877 0.928
3.878 0.9281
3.879 0.9281
3.881 0.9282
3.882 0.9282
3.883 0.9283
3.884 0.9283
3.885 0.9284
3.886 0.9284
3.887 0.9285
3.888 0.9285
3.89 0.9285
3.891 0.9286
3.892 0.9287
3.894 0.9287
3.895 0.9287
3.897 0.9288
3.898 0.9288
3.9 0.9289
3.901 0.929
3.902 0.929
3.904 0.929
3.905 0.9291
3.906 0.9291
3.907 0.9292
3.908 0.9292
3.909 0.9293
3.91 0.9294
3.911 0.9294
3.913 0.9295
3.914 0.9295
3.915 0.9296
3.916 0.9296
3.917 0.9296
3.918 0.9296
3.919 0.9297
3.92 0.9299
3.924 0.9299
3.925 0.93
3.926 0.93
3.927 0.93
3.928 0.9301
3.929 0.9301
3.93 0.9302
3.931 0.9303
3.932 0.9303
3.933 0.9304
3.934 0.9305
3.935 0.9305
3.938 0.9306
3.939 0.9306
3.94 0.9307
3.942 0.9307
3.943 0.9308
3.944 0.9308
3.945 0.9308
3.946 0.9309
3.947 0.931
3.948 0.931
3.95 0.931
3.951 0.9311
3.952 0.9312
3.953 0.9312
3.954 0.9312
3.955 0.9313
3.956 0.9314
3.958 0.9315
3.959 0.9315
3.96 0.9316
3.961 0.9316
3.963 0.9317
3.964 0.9317
3.965 0.9317
3.967 0.9318
3.968 0.9319
3.969 0.9319
3.97 0.9319
3.971 0.932
3.972 0.932
3.974 0.932
3.975 0.932
3.977 0.9321
3.978 0.9321
3.98 0.9321
3.981 0.9322
3.982 0.9323
3.983 0.9324
3.984 0.9324
3.985 0.9325
3.986 0.9326
3.987 0.9326
3.988 0.9327
3.989 0.9328
3.991 0.9328
3.992 0.9329
3.993 0.9329
3.995 0.933
3.996 0.933
3.997 0.9331
3.998 0.9331
3.999 0.9332
4 0.9332
4.001 0.9333
4.002 0.9333
4.003 0.9333
4.004 0.9334
4.005 0.9335
4.006 0.9335
4.007 0.9335
4.008 0.9336
4.009 0.9336
4.01 0.9336
4.011 0.9337
4.012 0.9338
4.013 0.9338
4.014 0.9339
4.016 0.9339
4.017 0.9339
4.018 0.934
4.019 0.934
4.02 0.934
4.021 0.9341
4.022 0.9341
4.023 0.9342
4.024 0.9342
4.025 0.9342
4.026 0.9343
4.027 0.9344
4.028 0.9344
4.029 0.9344
4.03 0.9345
4.031 0.9345
4.032 0.9346
4.034 0.9346
4.035 0.9347
4.036 0.9348
4.037 0.9348
4.039 0.9349
4.04 0.9349
4.041 0.935
4.042 0.935
4.043 0.935
4.044 0.935
4.045 0.9351
4.047 0.9351
4.048 0.9352
4.049 0.9353
4.05 0.9353
4.051 0.9353
4.052 0.9353
4.053 0.9354
4.054 0.9355
4.057 0.9355
4.058 0.9355
4.059 0.9356
4.061 0.9357
4.062 0.9357
4.063 0.9357
4.065 0.9358
4.066 0.9358
4.067 0.9359
4.068 0.9359
4.069 0.9359
4.07 0.9359
4.071 0.936
4.076 0.9361
4.077 0.9361
4.078 0.9362
4.079 0.9362
4.08 0.9363
4.081 0.9363
4.082 0.9364
4.083 0.9364
4.084 0.9365
4.085 0.9365
4.086 0.9366
4.087 0.9366
4.089 0.9367
4.09 0.9367
4.091 0.9368
4.092 0.9368
4.093 0.9369
4.094 0.9369
4.095 0.9369
4.096 0.937
4.097 0.9371
4.099 0.9371
4.1 0.9371
4.101 0.9371
4.102 0.9372
4.104 0.9372
4.105 0.9372
4.106 0.9373
4.107 0.9374
4.109 0.9374
4.11 0.9374
4.111 0.9374
4.112 0.9375
4.114 0.9375
4.115 0.9376
4.117 0.9377
4.118 0.9377
4.119 0.9378
4.121 0.9378
4.122 0.9378
4.123 0.9379
4.124 0.9379
4.125 0.938
4.126 0.938
4.127 0.9381
4.129 0.9382
4.131 0.9383
4.132 0.9383
4.133 0.9384
4.134 0.9384
4.135 0.9385
4.136 0.9385
4.137 0.9385
4.139 0.9386
4.14 0.9386
4.141 0.9387
4.142 0.9387
4.143 0.9388
4.144 0.9388
4.145 0.9388
4.146 0.9389
4.147 0.9389
4.148 0.9389
4.149 0.939
4.152 0.939
4.153 0.939
4.156 0.9391
4.157 0.9392
4.161 0.9392
4.163 0.9393
4.164 0.9393
4.165 0.9393
4.167 0.9393
4.168 0.9394
4.169 0.9394
4.17 0.9394
4.171 0.9395
4.173 0.9395
4.174 0.9396
4.175 0.9396
4.176 0.9396
4.177 0.9397
4.178 0.9397
4.18 0.9397
4.181 0.9398
4.182 0.9398
4.183 0.9399
4.184 0.9399
4.185 0.94
4.186 0.94
4.187 0.9401
4.188 0.9401
4.189 0.9401
4.19 0.9402
4.191 0.9402
4.192 0.9403
4.193 0.9403
4.194 0.9404
4.195 0.9405
4.196 0.9406
4.197 0.9406
4.199 0.9406
4.201 0.9407
4.202 0.9407
4.203 0.9407
4.205 0.9408
4.206 0.9408
4.207 0.9409
4.208 0.9409
4.209 0.9409
4.21 0.9409
4.211 0.941
4.212 0.9411
4.213 0.9411
4.214 0.9412
4.215 0.9412
4.216 0.9412
4.217 0.9413
4.218 0.9413
4.219 0.9414
4.221 0.9414
4.222 0.9415
4.223 0.9416
4.224 0.9416
4.226 0.9416
4.227 0.9417
4.228 0.9418
4.229 0.9418
4.23 0.9419
4.232 0.942
4.234 0.942
4.235 0.9421
4.236 0.9421
4.237 0.9422
4.238 0.9422
4.239 0.9422
4.241 0.9423
4.242 0.9424
4.243 0.9424
4.245 0.9424
4.246 0.9425
4.247 0.9425
4.248 0.9426
4.249 0.9426
4.25 0.9427
4.252 0.9428
4.253 0.9428
4.255 0.9429
4.256 0.9429
4.26 0.9429
4.262 0.943
4.263 0.943
4.267 0.9431
4.268 0.9432
4.269 0.9432
4.272 0.9433
4.273 0.9433
4.275 0.9433
4.276 0.9434
4.277 0.9434
4.278 0.9435
4.279 0.9435
4.28 0.9436
4.281 0.9436
4.282 0.9437
4.283 0.9438
4.284 0.9438
4.288 0.9439
4.289 0.9439
4.291 0.944
4.292 0.944
4.293 0.9441
4.297 0.9442
4.298 0.9442
4.299 0.9442
4.301 0.9443
4.302 0.9443
4.303 0.9443
4.304 0.9444
4.307 0.9444
4.309 0.9444
4.31 0.9445
4.314 0.9445
4.315 0.9445
4.316 0.9446
4.317 0.9446
4.318 0.9446
4.319 0.9446
4.32 0.9447
4.321 0.9447
4.323 0.9448
4.324 0.9448
4.325 0.9449
4.326 0.9449
4.328 0.9449
4.329 0.945
4.33 0.945
4.331 0.945
4.332 0.945
4.333 0.9451
4.334 0.9451
4.335 0.9452
4.337 0.9452
4.34 0.9453
4.342 0.9453
4.343 0.9453
4.344 0.9454
4.345 0.9454
4.348 0.9454
4.349 0.9455
4.351 0.9455
4.352 0.9456
4.354 0.9456
4.355 0.9456
4.356 0.9456
4.357 0.9457
4.358 0.9457
4.36 0.9457
4.361 0.9458
4.362 0.9458
4.363 0.9458
4.364 0.9459
4.366 0.946
4.367 0.946
4.368 0.9461
4.369 0.9461
4.371 0.9461
4.375 0.9462
4.376 0.9463
4.377 0.9463
4.38 0.9463
4.383 0.9463
4.384 0.9464
4.385 0.9464
4.387 0.9465
4.388 0.9465
4.389 0.9466
4.391 0.9466
4.392 0.9466
4.393 0.9467
4.394 0.9467
4.396 0.9467
4.397 0.9468
4.398 0.9468
4.399 0.9469
4.4 0.947
4.402 0.947
4.403 0.9471
4.404 0.9471
4.406 0.9471
4.407 0.9472
4.41 0.9473
4.411 0.9473
4.412 0.9474
4.413 0.9474
4.414 0.9474
4.415 0.9474
4.417 0.9475
4.418 0.9475
4.419 0.9475
4.421 0.9476
4.422 0.9476
4.424 0.9477
4.425 0.9477
4.427 0.9478
4.428 0.9478
4.429 0.9478
4.43 0.9479
4.431 0.948
4.433 0.948
4.434 0.948
4.435 0.9481
4.436 0.9481
4.437 0.9481
4.438 0.9482
4.439 0.9482
4.44 0.9483
4.441 0.9483
4.442 0.9484
4.443 0.9484
4.444 0.9485
4.445 0.9485
4.449 0.9486
4.45 0.9486
4.453 0.9486
4.454 0.9487
4.455 0.9487
4.456 0.9487
4.457 0.9488
4.459 0.9489
4.46 0.9489
4.461 0.9489
4.462 0.949
4.463 0.949
4.464 0.949
4.465 0.9491
4.466 0.9492
4.468 0.9492
4.469 0.9493
4.47 0.9494
4.471 0.9494
4.472 0.9494
4.473 0.9495
4.475 0.9496
4.476 0.9496
4.478 0.9496
4.479 0.9497
4.483 0.9497
4.484 0.9497
4.485 0.9498
4.486 0.9498
4.487 0.9498
4.489 0.9499
4.49 0.95
4.491 0.95
4.492 0.9501
4.493 0.9501
4.494 0.9502
4.496 0.9502
4.498 0.9502
4.499 0.9503
4.5 0.9503
4.501 0.9504
4.502 0.9505
4.503 0.9506
4.504 0.9506
4.505 0.9506
4.508 0.9506
4.509 0.9507
4.51 0.9507
4.513 0.9508
4.514 0.9508
4.515 0.9508
4.517 0.9509
4.52 0.9509
4.521 0.9509
4.522 0.9509
4.523 0.9511
4.524 0.9511
4.525 0.9512
4.526 0.9512
4.527 0.9512
4.528 0.9513
4.529 0.9514
4.532 0.9514
4.533 0.9515
4.534 0.9515
4.535 0.9516
4.537 0.9516
4.539 0.9517
4.54 0.9518
4.544 0.9518
4.546 0.9519
4.547 0.9519
4.548 0.9519
4.551 0.952
4.554 0.952
4.555 0.952
4.557 0.9521
4.558 0.9521
4.562 0.9522
4.564 0.9522
4.565 0.9523
4.567 0.9523
4.569 0.9523
4.57 0.9524
4.571 0.9525
4.574 0.9525
4.575 0.9525
4.576 0.9526
4.577 0.9526
4.578 0.9527
4.581 0.9527
4.582 0.9527
4.583 0.9528
4.584 0.9529
4.585 0.9529
4.586 0.9529
4.587 0.953
4.588 0.953
4.592 0.953
4.593 0.9531
4.594 0.9532
4.597 0.9532
4.598 0.9533
4.599 0.9533
4.6 0.9533
4.603 0.9534
4.605 0.9535
4.606 0.9535
4.608 0.9536
4.609 0.9536
4.61 0.9537
4.612 0.9537
4.613 0.9538
4.614 0.9538
4.617 0.9539
4.618 0.9539
4.621 0.9539
4.623 0.9539
4.624 0.9539
4.625 0.954
4.626 0.954
4.628 0.9541
4.629 0.9541
4.632 0.9541
4.634 0.9542
4.635 0.9542
4.636 0.9542
4.637 0.9543
4.638 0.9543
4.639 0.9544
4.642 0.9544
4.643 0.9544
4.644 0.9545
4.646 0.9545
4.649 0.9545
4.65 0.9546
4.651 0.9546
4.652 0.9547
4.653 0.9547
4.654 0.9547
4.655 0.9547
4.656 0.9547
4.658 0.9548
4.659 0.9549
4.66 0.955
4.661 0.955
4.665 0.955
4.667 0.9551
4.669 0.9551
4.671 0.9551
4.672 0.9552
4.676 0.9552
4.679 0.9553
4.682 0.9554
4.683 0.9554
4.684 0.9554
4.687 0.9555
4.688 0.9555
4.69 0.9555
4.691 0.9555
4.693 0.9556
4.694 0.9556
4.696 0.9556
4.701 0.9557
4.703 0.9557
4.707 0.9557
4.708 0.9558
4.71 0.9558
4.712 0.9558
4.714 0.9559
4.715 0.9559
4.716 0.956
4.717 0.956
4.718 0.9561
4.719 0.9561
4.721 0.9561
4.723 0.9562
4.726 0.9562
4.728 0.9563
4.73 0.9563
4.731 0.9563
4.732 0.9564
4.734 0.9564
4.736 0.9564
4.739 0.9564
4.74 0.9565
4.741 0.9565
4.742 0.9566
4.744 0.9566
4.745 0.9566
4.748 0.9567
4.75 0.9567
4.751 0.9568
4.753 0.9568
4.755 0.9568
4.756 0.9569
4.758 0.9569
4.759 0.957
4.761 0.957
4.763 0.9571
4.765 0.9571
4.767 0.9571
4.769 0.9571
4.771 0.9572
4.772 0.9572
4.774 0.9572
4.775 0.9573
4.777 0.9573
4.78 0.9573
4.781 0.9574
4.782 0.9574
4.784 0.9575
4.785 0.9575
4.786 0.9576
4.787 0.9576
4.788 0.9576
4.789 0.9577
4.79 0.9577
4.793 0.9577
4.794 0.9578
4.796 0.9579
4.797 0.9579
4.8 0.9579
4.803 0.9579
4.804 0.958
4.805 0.958
4.806 0.958
4.807 0.9581
4.81 0.9581
4.815 0.9581
4.816 0.9582
4.817 0.9582
4.818 0.9583
4.819 0.9583
4.821 0.9583
4.823 0.9584
4.824 0.9584
4.826 0.9584
4.828 0.9584
4.83 0.9585
4.832 0.9585
4.836 0.9585
4.837 0.9586
4.838 0.9586
4.839 0.9586
4.841 0.9586
4.842 0.9587
4.843 0.9587
4.844 0.9587
4.846 0.9588
4.848 0.9588
4.849 0.9589
4.85 0.9589
4.851 0.9589
4.853 0.959
4.855 0.959
4.856 0.9591
4.86 0.9592
4.863 0.9592
4.866 0.9592
4.867 0.9593
4.869 0.9593
4.871 0.9594
4.872 0.9594
4.874 0.9594
4.878 0.9594
4.879 0.9595
4.88 0.9595
4.885 0.9596
4.887 0.9597
4.889 0.9597
4.891 0.9598
4.892 0.9598
4.893 0.9599
4.896 0.9599
4.901 0.9599
4.903 0.96
4.907 0.96
4.909 0.96
4.911 0.9601
4.912 0.9601
4.914 0.9602
4.917 0.9602
4.922 0.9602
4.924 0.9603
4.925 0.9603
4.926 0.9604
4.927 0.9604
4.928 0.9605
4.929 0.9605
4.932 0.9605
4.934 0.9606
4.935 0.9606
4.936 0.9606
4.937 0.9607
4.939 0.9607
4.941 0.9607
4.942 0.9608
4.943 0.9608
4.944 0.9608
4.945 0.9609
4.947 0.9609
4.951 0.9609
4.952 0.961
4.953 0.961
4.954 0.961
4.955 0.9611
4.956 0.9611
4.958 0.9611
4.959 0.9612
4.962 0.9612
4.963 0.9613
4.964 0.9613
4.965 0.9613
4.967 0.9614
4.968 0.9614
4.969 0.9614
4.97 0.9615
4.971 0.9615
4.974 0.9615
4.977 0.9616
4.979 0.9616
4.98 0.9617
4.981 0.9617
4.982 0.9618
4.983 0.9618
4.985 0.9618
4.987 0.9618
4.99 0.9619
4.991 0.9619
4.993 0.9619
4.994 0.962
4.996 0.962
4.997 0.962
4.999 0.9621
5.003 0.9621
5.005 0.9622
5.006 0.9623
5.007 0.9623
5.008 0.9624
5.009 0.9624
5.011 0.9624
5.012 0.9625
5.013 0.9625
5.014 0.9625
5.015 0.9625
5.02 0.9626
5.021 0.9626
5.022 0.9626
5.023 0.9627
5.024 0.9627
5.025 0.9627
5.026 0.9628
5.028 0.9628
5.03 0.9628
5.031 0.9628
5.032 0.9629
5.033 0.9629
5.034 0.9629
5.036 0.963
5.039 0.963
5.041 0.963
5.043 0.9631
5.044 0.9631
5.047 0.9631
5.049 0.9632
5.05 0.9632
5.052 0.9632
5.054 0.9633
5.057 0.9633
5.058 0.9633
5.059 0.9634
5.06 0.9634
5.061 0.9635
5.062 0.9635
5.063 0.9635
5.065 0.9635
5.066 0.9636
5.068 0.9636
5.069 0.9636
5.07 0.9636
5.071 0.9637
5.072 0.9637
5.073 0.9637
5.074 0.9638
5.078 0.9638
5.08 0.9639
5.081 0.9639
5.082 0.964
5.083 0.964
5.084 0.9641
5.086 0.9641
5.087 0.9641
5.092 0.9641
5.093 0.9642
5.096 0.9642
5.099 0.9642
5.1 0.9643
5.102 0.9643
5.105 0.9643
5.108 0.9644
5.111 0.9644
5.115 0.9644
5.119 0.9644
5.121 0.9644
5.122 0.9645
5.123 0.9645
5.124 0.9646
5.125 0.9646
5.126 0.9646
5.128 0.9646
5.129 0.9647
5.134 0.9647
5.136 0.9647
5.137 0.9647
5.139 0.9648
5.14 0.9648
5.144 0.9649
5.145 0.9649
5.146 0.9649
5.15 0.965
5.151 0.965
5.152 0.9651
5.153 0.9651
5.154 0.9651
5.155 0.9651
5.156 0.9652
5.157 0.9653
5.158 0.9653
5.161 0.9653
5.162 0.9653
5.163 0.9654
5.164 0.9654
5.165 0.9654
5.17 0.9655
5.171 0.9655
5.173 0.9655
5.174 0.9655
5.175 0.9656
5.176 0.9656
5.179 0.9656
5.182 0.9657
5.183 0.9657
5.184 0.9658
5.186 0.9658
5.188 0.9658
5.191 0.9659
5.193 0.9659
5.198 0.9659
5.201 0.966
5.202 0.966
5.203 0.966
5.206 0.966
5.207 0.966
5.208 0.9661
5.209 0.9661
5.21 0.9661
5.212 0.9662
5.215 0.9662
5.217 0.9663
5.218 0.9663
5.22 0.9664
5.224 0.9664
5.228 0.9664
5.229 0.9664
5.232 0.9665
5.233 0.9665
5.235 0.9665
5.244 0.9666
5.247 0.9666
5.249 0.9667
5.25 0.9667
5.254 0.9667
5.255 0.9668
5.256 0.9668
5.257 0.9668
5.261 0.9668
5.262 0.9669
5.264 0.9669
5.27 0.967
5.272 0.967
5.275 0.967
5.278 0.9671
5.28 0.9671
5.284 0.9671
5.285 0.9672
5.286 0.9672
5.287 0.9672
5.289 0.9672
5.29 0.9673
5.292 0.9673
5.293 0.9673
5.294 0.9674
5.295 0.9674
5.297 0.9674
5.298 0.9674
5.3 0.9675
5.301 0.9675
5.303 0.9675
5.308 0.9676
5.316 0.9676
5.318 0.9676
5.322 0.9677
5.324 0.9677
5.325 0.9677
5.326 0.9678
5.327 0.9678
5.328 0.9679
5.331 0.9679
5.332 0.9679
5.336 0.968
5.337 0.968
5.338 0.968
5.339 0.9681
5.342 0.9681
5.345 0.9681
5.346 0.9681
5.348 0.9682
5.351 0.9682
5.354 0.9682
5.355 0.9683
5.356 0.9683
5.358 0.9684
5.361 0.9684
5.362 0.9684
5.366 0.9685
5.368 0.9685
5.371 0.9685
5.372 0.9686
5.373 0.9686
5.374 0.9687
5.377 0.9687
5.378 0.9687
5.38 0.9688
5.382 0.9688
5.383 0.9689
5.385 0.9689
5.386 0.969
5.387 0.969
5.389 0.969
5.39 0.9691
5.391 0.9691
5.394 0.9691
5.396 0.9692
5.397 0.9692
5.398 0.9692
5.399 0.9693
5.4 0.9693
5.402 0.9693
5.405 0.9693
5.407 0.9694
5.408 0.9694
5.409 0.9694
5.41 0.9695
5.412 0.9695
5.414 0.9695
5.415 0.9696
5.417 0.9696
5.419 0.9696
5.42 0.9697
5.421 0.9697
5.426 0.9697
5.427 0.9698
5.429 0.9698
5.431 0.9698
5.434 0.9699
5.435 0.9699
5.436 0.9699
5.437 0.9699
5.439 0.97
5.44 0.97
5.441 0.97
5.442 0.97
5.446 0.9701
5.447 0.9701
5.451 0.9701
5.457 0.9701
5.458 0.9701
5.462 0.9702
5.464 0.9702
5.466 0.9703
5.468 0.9703
5.469 0.9703
5.474 0.9704
5.476 0.9704
5.477 0.9705
5.478 0.9705
5.479 0.9705
5.481 0.9705
5.482 0.9706
5.483 0.9706
5.484 0.9706
5.485 0.9706
5.486 0.9707
5.489 0.9707
5.491 0.9708
5.492 0.9708
5.493 0.9709
5.494 0.9709
5.495 0.9709
5.498 0.971
5.5 0.971
5.502 0.971
5.503 0.9711
5.504 0.9711
5.507 0.9711
5.51 0.9712
5.514 0.9712
5.515 0.9712
5.52 0.9713
5.522 0.9713
5.525 0.9713
5.526 0.9714
5.528 0.9714
5.534 0.9714
5.536 0.9714
5.537 0.9715
5.538 0.9715
5.541 0.9715
5.545 0.9715
5.546 0.9716
5.548 0.9716
5.549 0.9717
5.552 0.9717
5.555 0.9717
5.557 0.9718
5.558 0.9718
5.56 0.9719
5.565 0.9719
5.566 0.9719
5.568 0.972
5.569 0.972
5.571 0.972
5.573 0.9721
5.577 0.9721
5.583 0.9722
5.584 0.9722
5.586 0.9722
5.588 0.9723
5.59 0.9723
5.593 0.9723
5.595 0.9724
5.596 0.9724
5.599 0.9724
5.6 0.9724
5.602 0.9725
5.603 0.9725
5.608 0.9725
5.61 0.9725
5.612 0.9726
5.615 0.9726
5.618 0.9726
5.624 0.9727
5.627 0.9727
5.628 0.9728
5.629 0.9728
5.632 0.9728
5.635 0.9729
5.636 0.9729
5.644 0.9729
5.646 0.973
5.65 0.973
5.652 0.973
5.656 0.973
5.657 0.9731
5.658 0.9731
5.661 0.9731
5.665 0.9732
5.666 0.9732
5.667 0.9733
5.674 0.9733
5.675 0.9733
5.676 0.9734
5.678 0.9734
5.679 0.9734
5.68 0.9734
5.683 0.9735
5.684 0.9735
5.688 0.9735
5.692 0.9736
5.7 0.9736
5.704 0.9737
5.707 0.9737
5.708 0.9737
5.71 0.9737
5.711 0.9738
5.714 0.9738
5.715 0.9738
5.716 0.9739
5.718 0.9739
5.724 0.9739
5.725 0.974
5.728 0.974
5.731 0.974
5.733 0.9741
5.734 0.9741
5.737 0.9741
5.739 0.9741
5.74 0.9741
5.741 0.9742
5.744 0.9742
5.745 0.9742
5.75 0.9743
5.757 0.9743
5.758 0.9743
5.759 0.9743
5.76 0.9744
5.761 0.9744
5.762 0.9744
5.763 0.9745
5.764 0.9745
5.766 0.9745
5.767 0.9745
5.769 0.9746
5.775 0.9746
5.777 0.9747
5.778 0.9748
5.78 0.9748
5.782 0.9748
5.785 0.9749
5.786 0.9749
5.788 0.9749
5.79 0.9749
5.791 0.9749
5.792 0.975
5.794 0.975
5.795 0.975
5.796 0.975
5.798 0.9751
5.8 0.9751
5.801 0.9751
5.805 0.9751
5.812 0.9752
5.813 0.9752
5.814 0.9752
5.816 0.9753
5.818 0.9753
5.819 0.9753
5.82 0.9754
5.823 0.9754
5.824 0.9754
5.825 0.9754
5.827 0.9755
5.828 0.9755
5.829 0.9756
5.83 0.9756
5.833 0.9756
5.834 0.9757
5.835 0.9757
5.838 0.9757
5.84 0.9757
5.846 0.9757
5.85 0.9758
5.851 0.9758
5.854 0.9758
5.855 0.9758
5.858 0.9759
5.861 0.9759
5.862 0.976
5.863 0.976
5.865 0.9761
5.866 0.9761
5.867 0.9761
5.874 0.9761
5.875 0.9762
5.877 0.9762
5.878 0.9762
5.879 0.9762
5.881 0.9763
5.885 0.9763
5.888 0.9763
5.891 0.9763
5.892 0.9764
5.893 0.9764
5.895 0.9764
5.897 0.9765
5.9 0.9765
5.903 0.9765
5.906 0.9765
5.909 0.9766
5.912 0.9766
5.916 0.9766
5.922 0.9767
5.923 0.9767
5.924 0.9767
5.928 0.9768
5.929 0.9768
5.93 0.9768
5.936 0.9769
5.938 0.9769
5.94 0.9769
5.941 0.9769
5.942 0.977
5.945 0.977
5.946 0.9771
5.952 0.9771
5.953 0.9771
5.955 0.9772
5.959 0.9772
5.961 0.9773
5.962 0.9773
5.963 0.9773
5.964 0.9773
5.966 0.9773
5.967 0.9774
5.968 0.9774
5.971 0.9774
5.974 0.9775
5.978 0.9775
5.979 0.9775
5.98 0.9776
5.984 0.9776
5.985 0.9776
5.987 0.9777
5.994 0.9777
5.995 0.9777
5.996 0.9777
5.999 0.9778
6.003 0.9779
6.006 0.978
6.009 0.978
6.012 0.978
6.014 0.978
6.02 0.9781
6.022 0.9781
6.024 0.9781
6.028 0.9781
6.032 0.9782
6.034 0.9782
6.035 0.9782
6.036 0.9782
6.038 0.9783
6.041 0.9783
6.045 0.9784
6.047 0.9784
6.049 0.9784
6.052 0.9785
6.053 0.9785
6.054 0.9785
6.055 0.9785
6.057 0.9786
6.059 0.9786
6.06 0.9787
6.062 0.9787
6.065 0.9787
6.068 0.9787
6.071 0.9788
6.073 0.9788
6.075 0.9788
6.077 0.9789
6.084 0.9789
6.085 0.9789
6.087 0.979
6.088 0.979
6.094 0.979
6.095 0.979
6.097 0.979
6.106 0.9791
6.107 0.9791
6.108 0.9791
6.111 0.9792
6.112 0.9792
6.113 0.9792
6.115 0.9793
6.117 0.9793
6.119 0.9794
6.121 0.9794
6.124 0.9794
6.125 0.9794
6.131 0.9795
6.134 0.9795
6.142 0.9795
6.144 0.9796
6.147 0.9796
6.149 0.9796
6.151 0.9797
6.155 0.9797
6.16 0.9797
6.161 0.9797
6.162 0.9798
6.164 0.9798
6.165 0.9798
6.166 0.9798
6.167 0.9799
6.172 0.9799
6.174 0.9799
6.175 0.9799
6.185 0.98
6.188 0.98
6.189 0.98
6.191 0.98
6.195 0.9801
6.201 0.9801
6.204 0.9802
6.206 0.9802
6.208 0.9802
6.21 0.9803
6.216 0.9803
6.217 0.9803
6.222 0.9803
6.226 0.9804
6.228 0.9804
6.229 0.9804
6.231 0.9804
6.233 0.9805
6.234 0.9805
6.235 0.9805
6.241 0.9805
6.244 0.9806
6.245 0.9806
6.247 0.9806
6.248 0.9806
6.25 0.9806
6.252 0.9807
6.258 0.9807
6.259 0.9807
6.26 0.9807
6.272 0.9808
6.274 0.9808
6.278 0.9808
6.28 0.9809
6.283 0.9809
6.285 0.9809
6.289 0.981
6.292 0.981
6.293 0.981
6.294 0.9811
6.3 0.9811
6.304 0.9811
6.306 0.9812
6.307 0.9812
6.312 0.9812
6.313 0.9812
6.316 0.9813
6.32 0.9813
6.321 0.9813
6.322 0.9814
6.324 0.9814
6.339 0.9814
6.341 0.9814
6.342 0.9814
6.351 0.9815
6.352 0.9815
6.353 0.9815
6.354 0.9815
6.358 0.9816
6.36 0.9816
6.361 0.9816
6.364 0.9817
6.368 0.9817
6.372 0.9817
6.375 0.9818
6.379 0.9818
6.381 0.9818
6.385 0.9818
6.388 0.9819
6.394 0.9819
6.398 0.9819
6.401 0.9819
6.403 0.982
6.404 0.982
6.405 0.982
6.406 0.982
6.409 0.9821
6.416 0.9821
6.417 0.9822
6.418 0.9822
6.419 0.9823
6.42 0.9823
6.421 0.9823
6.423 0.9823
6.426 0.9824
6.428 0.9824
6.43 0.9824
6.434 0.9825
6.436 0.9825
6.438 0.9825
6.441 0.9826
6.444 0.9826
6.446 0.9827
6.447 0.9827
6.449 0.9827
6.458 0.9827
6.459 0.9828
6.464 0.9828
6.465 0.9829
6.474 0.9829
6.476 0.9829
6.478 0.983
6.484 0.983
6.488 0.983
6.49 0.9831
6.496 0.9831
6.501 0.9832
6.505 0.9832
6.506 0.9833
6.508 0.9833
6.509 0.9833
6.513 0.9834
6.527 0.9834
6.528 0.9834
6.53 0.9835
6.532 0.9835
6.535 0.9835
6.549 0.9835
6.552 0.9836
6.555 0.9836
6.564 0.9836
6.571 0.9837
6.574 0.9837
6.576 0.9837
6.582 0.9837
6.587 0.9838
6.59 0.9838
6.591 0.9838
6.6 0.9838
6.604 0.9838
6.609 0.9839
6.613 0.9839
6.615 0.9839
6.619 0.9839
6.621 0.984
6.624 0.984
6.629 0.984
6.642 0.9841
6.646 0.9841
6.648 0.9841
6.649 0.9842
6.65 0.9842
6.651 0.9842
6.654 0.9842
6.655 0.9843
6.657 0.9843
6.658 0.9843
6.659 0.9843
6.666 0.9844
6.667 0.9844
6.668 0.9844
6.669 0.9845
6.672 0.9845
6.679 0.9845
6.684 0.9846
6.694 0.9846
6.697 0.9846
6.699 0.9847
6.701 0.9847
6.702 0.9847
6.704 0.9847
6.705 0.9848
6.706 0.9848
6.709 0.9848
6.711 0.9848
6.717 0.9849
6.728 0.9849
6.73 0.9849
6.734 0.9849
6.737 0.985
6.738 0.985
6.739 0.985
6.747 0.9851
6.751 0.9851
6.755 0.9851
6.758 0.9852
6.763 0.9852
6.766 0.9852
6.767 0.9852
6.771 0.9853
6.772 0.9853
6.775 0.9853
6.783 0.9854
6.79 0.9854
6.791 0.9854
6.796 0.9854
6.798 0.9855
6.801 0.9855
6.81 0.9855
6.812 0.9855
6.817 0.9856
6.818 0.9856
6.82 0.9856
6.823 0.9857
6.824 0.9857
6.825 0.9857
6.826 0.9858
6.827 0.9858
6.832 0.9858
6.834 0.9858
6.837 0.9859
6.839 0.9859
6.844 0.9859
6.846 0.9859
6.847 0.986
6.851 0.986
6.852 0.986
6.855 0.986
6.856 0.9861
6.861 0.9861
6.863 0.9861
6.87 0.9861
6.871 0.9862
6.874 0.9862
6.882 0.9862
6.884 0.9862
6.89 0.9862
6.894 0.9863
6.901 0.9863
6.906 0.9863
6.907 0.9863
6.909 0.9864
6.916 0.9864
6.919 0.9864
6.922 0.9865
6.923 0.9865
6.924 0.9865
6.931 0.9865
6.939 0.9866
6.944 0.9866
6.949 0.9866
6.952 0.9867
6.953 0.9867
6.958 0.9867
6.959 0.9868
6.963 0.9868
6.977 0.9868
6.984 0.9869
6.987 0.9869
6.993 0.9869
7 0.987
7.012 0.987
7.013 0.987
7.019 0.9871
7.021 0.9871
7.027 0.9871
7.03 0.9871
7.033 0.9871
7.034 0.9872
7.043 0.9872
7.047 0.9873
7.053 0.9873
7.054 0.9873
7.06 0.9873
7.064 0.9874
7.065 0.9874
7.07 0.9874
7.073 0.9874
7.077 0.9875
7.081 0.9875
7.084 0.9875
7.085 0.9876
7.097 0.9876
7.099 0.9876
7.109 0.9876
7.111 0.9877
7.117 0.9877
7.118 0.9877
7.119 0.9877
7.122 0.9878
7.131 0.9878
7.137 0.9878
7.14 0.9878
7.142 0.9879
7.143 0.9879
7.157 0.9879
7.165 0.9879
7.166 0.9879
7.173 0.988
7.176 0.988
7.178 0.988
7.179 0.988
7.182 0.9881
7.195 0.9881
7.198 0.9882
7.2 0.9882
7.213 0.9882
7.215 0.9882
7.223 0.9883
7.226 0.9883
7.227 0.9883
7.228 0.9883
7.238 0.9884
7.242 0.9884
7.243 0.9884
7.244 0.9884
7.245 0.9885
7.247 0.9885
7.251 0.9885
7.269 0.9885
7.277 0.9886
7.279 0.9886
7.28 0.9886
7.281 0.9886
7.283 0.9887
7.298 0.9887
7.3 0.9887
7.302 0.9887
7.306 0.9887
7.311 0.9888
7.315 0.9888
7.316 0.9888
7.319 0.9888
7.32 0.9889
7.33 0.9889
7.342 0.9889
7.347 0.989
7.348 0.989
7.349 0.989
7.352 0.989
7.355 0.9891
7.359 0.9891
7.361 0.9891
7.367 0.9891
7.368 0.9892
7.371 0.9892
7.372 0.9892
7.384 0.9892
7.392 0.9893
7.396 0.9893
7.403 0.9893
7.405 0.9893
7.411 0.9894
7.416 0.9894
7.427 0.9894
7.429 0.9894
7.431 0.9895
7.439 0.9895
7.44 0.9895
7.451 0.9895
7.452 0.9895
7.455 0.9896
7.471 0.9896
7.477 0.9896
7.483 0.9896
7.484 0.9897
7.487 0.9897
7.5 0.9898
7.506 0.9898
7.509 0.9898
7.51 0.9898
7.511 0.9899
7.515 0.9899
7.518 0.9899
7.529 0.9899
7.544 0.99
7.554 0.99
7.563 0.99
7.583 0.99
7.584 0.9901
7.588 0.9901
7.591 0.9901
7.593 0.9902
7.596 0.9902
7.602 0.9902
7.612 0.9903
7.616 0.9903
7.625 0.9903
7.633 0.9903
7.637 0.9903
7.641 0.9904
7.659 0.9904
7.661 0.9904
7.665 0.9904
7.666 0.9905
7.668 0.9905
7.677 0.9905
7.683 0.9905
7.685 0.9906
7.686 0.9906
7.705 0.9906
7.712 0.9906
7.714 0.9907
7.718 0.9907
7.722 0.9907
7.729 0.9907
7.733 0.9908
7.735 0.9908
7.761 0.9908
7.764 0.9908
7.769 0.9909
7.811 0.9909
7.813 0.9909
7.816 0.9909
7.823 0.991
7.825 0.991
7.827 0.991
7.828 0.9911
7.831 0.9911
7.833 0.9911
7.834 0.9911
7.886 0.9912
7.887 0.9912
7.888 0.9912
7.912 0.9913
7.918 0.9913
7.931 0.9913
7.939 0.9913
7.942 0.9914
7.943 0.9914
7.956 0.9914
7.959 0.9914
7.961 0.9915
7.966 0.9915
7.974 0.9915
7.989 0.9916
8.015 0.9916
8.017 0.9916
8.02 0.9916
8.022 0.9917
8.023 0.9917
8.032 0.9917
8.04 0.9917
8.046 0.9918
8.068 0.9918
8.075 0.9918
8.076 0.9918
8.102 0.9919
8.124 0.9919
8.126 0.9919
8.127 0.9919
8.129 0.992
8.132 0.992
8.134 0.992
8.14 0.992
8.142 0.9921
8.148 0.9921
8.155 0.9921
8.164 0.9921
8.166 0.9922
8.179 0.9922
8.2 0.9922
8.212 0.9923
8.213 0.9923
8.249 0.9923
8.252 0.9923
8.254 0.9924
8.256 0.9924
8.261 0.9924
8.277 0.9925
8.287 0.9925
8.291 0.9925
8.306 0.9926
8.309 0.9926
8.314 0.9926
8.316 0.9926
8.323 0.9927
8.326 0.9927
8.327 0.9927
8.347 0.9927
8.353 0.9927
8.364 0.9928
8.369 0.9928
8.375 0.9928
8.378 0.9928
8.382 0.9929
8.383 0.9929
8.391 0.9929
8.392 0.993
8.401 0.993
8.409 0.993
8.423 0.993
8.429 0.9931
8.435 0.9931
8.441 0.9931
8.442 0.9931
8.458 0.9932
8.471 0.9932
8.482 0.9932
8.488 0.9932
8.497 0.9933
8.5 0.9933
8.504 0.9934
8.534 0.9934
8.537 0.9934
8.545 0.9934
8.558 0.9935
8.571 0.9935
8.593 0.9935
8.601 0.9935
8.633 0.9935
8.675 0.9936
8.688 0.9936
8.725 0.9936
8.741 0.9936
8.747 0.9937
8.755 0.9937
8.757 0.9937
8.762 0.9938
8.77 0.9938
8.774 0.9938
8.78 0.9939
8.803 0.9939
8.85 0.9939
8.851 0.9939
8.855 0.994
8.869 0.994
8.873 0.994
8.876 0.994
8.879 0.9941
8.881 0.9941
8.905 0.9941
8.909 0.9941
8.924 0.9942
8.964 0.9942
8.979 0.9942
8.984 0.9942
8.987 0.9943
9.005 0.9943
9.021 0.9943
9.037 0.9943
9.057 0.9943
9.065 0.9944
9.066 0.9944
9.075 0.9944
9.083 0.9944
9.109 0.9945
9.116 0.9945
9.121 0.9945
9.137 0.9946
9.152 0.9946
9.157 0.9946
9.164 0.9946
9.168 0.9947
9.173 0.9947
9.179 0.9947
9.182 0.9947
9.198 0.9948
9.207 0.9948
9.211 0.9948
9.218 0.9948
9.253 0.9949
9.276 0.9949
9.316 0.9949
9.324 0.9949
9.337 0.995
9.339 0.995
9.363 0.995
9.384 0.995
9.399 0.9951
9.404 0.9951
9.413 0.9951
9.42 0.9951
9.422 0.9951
9.425 0.9952
9.428 0.9952
9.444 0.9952
9.473 0.9953
9.478 0.9953
9.482 0.9953
9.483 0.9953
9.535 0.9954
9.552 0.9954
9.573 0.9954
9.582 0.9954
9.606 0.9955
9.661 0.9955
9.687 0.9955
9.721 0.9955
9.726 0.9956
9.738 0.9956
9.75 0.9956
9.763 0.9956
9.799 0.9957
9.839 0.9957
9.852 0.9957
9.865 0.9957
9.878 0.9958
9.885 0.9958
9.91 0.9958
9.944 0.9958
9.952 0.9959
9.985 0.9959
9.997 0.9959
10.053 0.9959
10.068 0.996
10.069 0.996
10.077 0.996
10.08 0.996
10.083 0.996
10.102 0.9961
10.158 0.9961
10.165 0.9961
10.173 0.9961
10.178 0.9962
10.179 0.9962
10.2 0.9962
10.256 0.9962
10.276 0.9963
10.298 0.9963
10.375 0.9963
10.42 0.9963
10.426 0.9964
10.451 0.9964
10.496 0.9964
10.572 0.9964
10.579 0.9965
10.614 0.9965
10.642 0.9965
10.655 0.9966
10.696 0.9966
10.702 0.9966
10.703 0.9966
10.775 0.9967
10.791 0.9967
10.803 0.9967
10.825 0.9967
10.829 0.9968
10.834 0.9968
10.858 0.9968
10.947 0.9968
11.007 0.9968
11.009 0.9969
11.017 0.9969
11.046 0.9969
11.11 0.9969
11.122 0.997
11.14 0.997
11.216 0.997
11.228 0.997
11.247 0.9971
11.29 0.9971
11.363 0.9971
11.385 0.9972
11.393 0.9972
11.399 0.9972
11.497 0.9972
11.546 0.9973
11.547 0.9973
11.558 0.9973
11.568 0.9973
11.572 0.9974
11.68 0.9974
11.686 0.9974
11.74 0.9974
11.743 0.9975
11.752 0.9975
11.764 0.9975
11.786 0.9975
11.982 0.9976
12.006 0.9976
12.01 0.9976
12.028 0.9976
12.034 0.9976
12.073 0.9977
12.076 0.9977
12.121 0.9977
12.13 0.9977
12.18 0.9978
12.186 0.9978
12.3 0.9978
12.335 0.9978
12.424 0.9979
12.448 0.9979
12.477 0.9979
12.499 0.9979
12.51 0.998
12.576 0.998
12.594 0.998
12.621 0.998
12.696 0.9981
12.759 0.9981
12.917 0.9981
13.063 0.9981
13.122 0.9982
13.13 0.9982
13.304 0.9982
13.342 0.9982
13.369 0.9983
13.598 0.9983
13.613 0.9983
13.628 0.9983
13.737 0.9984
13.89 0.9984
13.976 0.9984
14.295 0.9984
14.32 0.9984
14.361 0.9985
14.555 0.9985
14.677 0.9985
14.87 0.9985
14.892 0.9986
14.927 0.9986
15.011 0.9986
15.336 0.9986
15.57 0.9987
15.601 0.9987
15.644 0.9987
15.685 0.9987
15.76 0.9988
15.836 0.9988
16.04 0.9988
16.402 0.9988
16.499 0.9989
16.73 0.9989
16.821 0.9989
17.393 0.9989
18.049 0.999
18.225 0.999
18.511 0.999
18.853 0.999
19.235 0.9991
19.492 0.9991
19.642 0.9991
20.247 0.9991
20.29 0.9992
20.316 0.9992
20.432 0.9992
20.567 0.9992
22.331 0.9992
22.716 0.9993
23.105 0.9993
23.111 0.9993
23.862 0.9993
24.169 0.9994
24.87 0.9994
25.03 0.9994
25.274 0.9994
25.319 0.9995
25.333 0.9995
26.146 0.9995
27.358 0.9995
27.367 0.9996
27.893 0.9996
28.69 0.9996
32.446 0.9996
32.452 0.9997
32.485 0.9997
33.331 0.9997
33.335 0.9997
34.051 0.9998
35.965 0.9998
36.775 0.9998
37.743 0.9998
38.631 0.9999
47.31 0.9999
56.724 0.9999
70.935 0.9999
79.475 1
129.954 1
700.493 1
