0 0.008
0.001 0.0161
0.002 0.0247
0.003 0.0333
0.004 0.0422
0.005 0.0506
0.006 0.059
0.007 0.0673
0.008 0.0756
0.009 0.0838
0.01 0.0917
0.011 0.0994
0.012 0.107
0.013 0.1148
0.014 0.1225
0.015 0.1301
0.016 0.1377
0.017 0.1452
0.018 0.1525
0.019 0.1597
0.02 0.1668
0.021 0.174
0.022 0.1808
0.023 0.1875
0.024 0.1944
0.025 0.201
0.026 0.2075
0.027 0.2141
0.028 0.2208
0.029 0.2273
0.03 0.2336
0.031 0.24
0.032 0.2465
0.033 0.2527
0.034 0.2588
0.035 0.265
0.036 0.2712
0.037 0.2771
0.038 0.2833
0.039 0.2891
0.04 0.2949
0.041 0.3007
0.042 0.3066
0.043 0.3124
0.044 0.318
0.045 0.3237
0.046 0.3292
0.047 0.3347
0.048 0.3403
0.049 0.3457
0.05 0.3509
0.051 0.3563
0.052 0.3616
0.053 0.3665
0.054 0.3716
0.055 0.3768
0.056 0.382
0.057 0.387
0.058 0.392
0.059 0.3969
0.06 0.4017
0.061 0.4066
0.062 0.4112
0.063 0.416
0.064 0.4207
0.065 0.4252
0.066 0.4298
0.067 0.4343
0.068 0.4388
0.069 0.4434
0.07 0.448
0.071 0.4524
0.072 0.4567
0.073 0.4609
0.074 0.4652
0.075 0.4694
0.076 0.4735
0.077 0.4778
0.078 0.4819
0.079 0.4859
0.08 0.49
0.081 0.494
0.082 0.498
0.083 0.502
0.084 0.5061
0.085 0.51
0.086 0.5138
0.087 0.5175
0.088 0.5214
0.089 0.5251
0.09 0.5288
0.091 0.5326
0.092 0.5363
0.093 0.5401
0.094 0.5437
0.095 0.5473
0.096 0.5507
0.097 0.5541
0.098 0.5575
0.099 0.561
0.1 0.5643
0.101 0.5678
0.102 0.5713
0.103 0.5747
0.104 0.5778
0.105 0.5811
0.106 0.5843
0.107 0.5874
0.108 0.5906
0.109 0.5939
0.11 0.597
0.111 0.6002
0.112 0.6032
0.113 0.6065
0.114 0.6094
0.115 0.6126
0.116 0.6156
0.117 0.6186
0.118 0.6216
0.119 0.6246
0.12 0.6275
0.121 0.6305
0.122 0.6333
0.123 0.6361
0.124 0.639
0.125 0.6419
0.126 0.6448
0.127 0.6475
0.128 0.6502
0.129 0.6528
0.13 0.6554
0.131 0.6581
0.132 0.6607
0.133 0.6633
0.134 0.666
0.135 0.6687
0.136 0.6712
0.137 0.6738
0.138 0.6765
0.139 0.6789
0.14 0.6813
0.141 0.6837
0.142 0.6861
0.143 0.6886
0.144 0.691
0.145 0.6935
0.146 0.6957
0.147 0.6981
0.148 0.7003
0.149 0.7026
0.15 0.7049
0.151 0.7072
0.152 0.7092
0.153 0.7115
0.154 0.7136
0.155 0.7158
0.156 0.718
0.157 0.7201
0.158 0.7222
0.159 0.7244
0.16 0.7266
0.161 0.7286
0.162 0.7306
0.163 0.7327
0.164 0.7347
0.165 0.7368
0.166 0.7388
0.167 0.7408
0.168 0.7427
0.169 0.7448
0.17 0.7467
0.171 0.7486
0.172 0.7504
0.173 0.7523
0.174 0.7542
0.175 0.7559
0.176 0.7578
0.177 0.7597
0.178 0.7615
0.179 0.7633
0.18 0.7651
0.181 0.767
0.182 0.7688
0.183 0.7706
0.184 0.7724
0.185 0.7742
0.186 0.7758
0.187 0.7775
0.188 0.7793
0.189 0.7809
0.19 0.7825
0.191 0.7843
0.192 0.7858
0.193 0.7874
0.194 0.789
0.195 0.7907
0.196 0.7923
0.197 0.7939
0.198 0.7954
0.199 0.797
0.2 0.7984
0.201 0.7999
0.202 0.8016
0.203 0.8031
0.204 0.8046
0.205 0.8061
0.206 0.8074
0.207 0.8088
0.208 0.8103
0.209 0.8116
0.21 0.8131
0.211 0.8145
0.212 0.8158
0.213 0.8171
0.214 0.8185
0.215 0.8198
0.216 0.8212
0.217 0.8226
0.218 0.8239
0.219 0.8252
0.22 0.8266
0.221 0.8278
0.222 0.8292
0.223 0.8304
0.224 0.8316
0.225 0.8328
0.226 0.834
0.227 0.8354
0.228 0.8366
0.229 0.8378
0.23 0.8391
0.231 0.8403
0.232 0.8414
0.233 0.8427
0.234 0.8439
0.235 0.845
0.236 0.8462
0.237 0.8474
0.238 0.8486
0.239 0.8496
0.24 0.8508
0.241 0.8517
0.242 0.8528
0.243 0.8539
0.244 0.8549
0.245 0.8561
0.246 0.8571
0.247 0.8582
0.248 0.8592
0.249 0.8602
0.25 0.8612
0.251 0.8623
0.252 0.8633
0.253 0.8644
0.254 0.8654
0.255 0.8664
0.256 0.8674
0.257 0.8684
0.258 0.8694
0.259 0.8704
0.26 0.8714
0.261 0.8724
0.262 0.8733
0.263 0.8743
0.264 0.8753
0.265 0.8761
0.266 0.877
0.267 0.8779
0.268 0.8788
0.269 0.8797
0.27 0.8806
0.271 0.8815
0.272 0.8823
0.273 0.8832
0.274 0.8841
0.275 0.885
0.276 0.8859
0.277 0.8867
0.278 0.8875
0.279 0.8884
0.28 0.8892
0.281 0.89
0.282 0.891
0.283 0.8917
0.284 0.8925
0.285 0.8933
0.286 0.8941
0.287 0.8948
0.288 0.8956
0.289 0.8963
0.29 0.8971
0.291 0.8979
0.292 0.8986
0.293 0.8994
0.294 0.9001
0.295 0.9008
0.296 0.9015
0.297 0.9023
0.298 0.903
0.299 0.9037
0.3 0.9043
0.301 0.9051
0.302 0.9058
0.303 0.9065
0.304 0.9072
0.305 0.9079
0.306 0.9086
0.307 0.9093
0.308 0.9099
0.309 0.9105
0.31 0.9112
0.311 0.9118
0.312 0.9125
0.313 0.9131
0.314 0.9138
0.315 0.9144
0.316 0.9151
0.317 0.9158
0.318 0.9164
0.319 0.917
0.32 0.9175
0.321 0.9181
0.322 0.9187
0.323 0.9192
0.324 0.9199
0.325 0.9204
0.326 0.921
0.327 0.9215
0.328 0.9221
0.329 0.9227
0.33 0.9233
0.331 0.9238
0.332 0.9244
0.333 0.925
0.334 0.9255
0.335 0.926
0.336 0.9266
0.337 0.9271
0.338 0.9277
0.339 0.9282
0.34 0.9287
0.341 0.9293
0.342 0.9297
0.343 0.9303
0.344 0.9308
0.345 0.9313
0.346 0.9318
0.347 0.9323
0.348 0.9327
0.349 0.9333
0.35 0.9338
0.351 0.9342
0.352 0.9347
0.353 0.9352
0.354 0.9356
0.355 0.9361
0.356 0.9366
0.357 0.9371
0.358 0.9376
0.359 0.938
0.36 0.9384
0.361 0.9389
0.362 0.9393
0.363 0.9398
0.364 0.9402
0.365 0.9407
0.366 0.9412
0.367 0.9416
0.368 0.942
0.369 0.9424
0.37 0.9428
0.371 0.9432
0.372 0.9436
0.373 0.944
0.374 0.9444
0.375 0.9448
0.376 0.9452
0.377 0.9456
0.378 0.946
0.379 0.9464
0.38 0.9468
0.381 0.9471
0.382 0.9474
0.383 0.9478
0.384 0.9482
0.385 0.9485
0.386 0.9489
0.387 0.9492
0.388 0.9497
0.389 0.95
0.39 0.9504
0.391 0.9507
0.392 0.951
0.393 0.9514
0.394 0.9518
0.395 0.9522
0.396 0.9525
0.397 0.9529
0.398 0.9532
0.399 0.9536
0.4 0.9539
0.401 0.9543
0.402 0.9546
0.403 0.9549
0.404 0.9552
0.405 0.9555
0.406 0.9559
0.407 0.9562
0.408 0.9565
0.409 0.9568
0.41 0.9571
0.411 0.9574
0.412 0.9577
0.413 0.958
0.414 0.9582
0.415 0.9585
0.416 0.9588
0.417 0.9591
0.418 0.9594
0.419 0.9597
0.42 0.96
0.421 0.9602
0.422 0.9605
0.423 0.9608
0.424 0.9611
0.425 0.9613
0.426 0.9616
0.427 0.9618
0.428 0.9621
0.429 0.9624
0.43 0.9626
0.431 0.9629
0.432 0.9632
0.433 0.9634
0.434 0.9637
0.435 0.9639
0.436 0.9642
0.437 0.9645
0.438 0.9647
0.439 0.9649
0.44 0.9652
0.441 0.9654
0.442 0.9657
0.443 0.9659
0.444 0.9662
0.445 0.9664
0.446 0.9667
0.447 0.9669
0.448 0.9671
0.449 0.9673
0.45 0.9675
0.451 0.9678
0.452 0.968
0.453 0.9683
0.454 0.9685
0.455 0.9687
0.456 0.9689
0.457 0.9691
0.458 0.9693
0.459 0.9695
0.46 0.9698
0.461 0.97
0.462 0.9702
0.463 0.9705
0.464 0.9707
0.465 0.9709
0.466 0.9711
0.467 0.9713
0.468 0.9715
0.469 0.9717
0.47 0.9719
0.471 0.9721
0.472 0.9723
0.473 0.9725
0.474 0.9727
0.475 0.9728
0.476 0.973
0.477 0.9732
0.478 0.9734
0.479 0.9735
0.48 0.9737
0.481 0.9739
0.482 0.974
0.483 0.9742
0.484 0.9744
0.485 0.9746
0.486 0.9747
0.487 0.9749
0.488 0.9751
0.489 0.9753
0.49 0.9755
0.491 0.9757
0.492 0.9759
0.493 0.976
0.494 0.9762
0.495 0.9763
0.496 0.9765
0.497 0.9767
0.498 0.9769
0.499 0.977
0.5 0.9771
0.501 0.9773
0.502 0.9775
0.503 0.9777
0.504 0.9778
0.505 0.978
0.506 0.9781
0.507 0.9782
0.508 0.9784
0.509 0.9785
0.51 0.9787
0.511 0.9788
0.512 0.979
0.513 0.9791
0.514 0.9793
0.515 0.9795
0.516 0.9796
0.517 0.9797
0.518 0.9799
0.519 0.98
0.52 0.9802
0.521 0.9803
0.522 0.9804
0.523 0.9806
0.524 0.9807
0.525 0.9808
0.526 0.981
0.527 0.9811
0.528 0.9812
0.529 0.9813
0.53 0.9815
0.531 0.9816
0.532 0.9817
0.533 0.9819
0.534 0.982
0.535 0.9821
0.536 0.9822
0.537 0.9824
0.538 0.9825
0.539 0.9826
0.54 0.9827
0.541 0.9829
0.542 0.983
0.543 0.9831
0.544 0.9832
0.545 0.9834
0.546 0.9835
0.547 0.9836
0.548 0.9837
0.549 0.9838
0.55 0.9839
0.551 0.9841
0.552 0.9842
0.553 0.9843
0.554 0.9844
0.555 0.9845
0.556 0.9846
0.557 0.9847
0.558 0.9848
0.559 0.9849
0.56 0.985
0.561 0.9852
0.562 0.9853
0.563 0.9854
0.564 0.9855
0.565 0.9856
0.566 0.9857
0.567 0.9858
0.568 0.9859
0.569 0.986
0.57 0.9862
0.571 0.9863
0.572 0.9863
0.573 0.9864
0.574 0.9866
0.575 0.9867
0.576 0.9868
0.577 0.9868
0.578 0.9869
0.579 0.987
0.58 0.9871
0.581 0.9872
0.582 0.9873
0.583 0.9874
0.584 0.9875
0.585 0.9875
0.586 0.9876
0.587 0.9877
0.588 0.9878
0.589 0.9879
0.59 0.988
0.591 0.9881
0.592 0.9882
0.593 0.9883
0.594 0.9884
0.595 0.9885
0.596 0.9886
0.597 0.9886
0.598 0.9887
0.599 0.9888
0.6 0.9889
0.601 0.9889
0.602 0.989
0.603 0.9891
0.604 0.9892
0.605 0.9893
0.606 0.9893
0.607 0.9894
0.608 0.9895
0.609 0.9896
0.61 0.9897
0.611 0.9897
0.612 0.9898
0.613 0.9899
0.614 0.9899
0.615 0.99
0.616 0.9901
0.617 0.9901
0.618 0.9902
0.619 0.9902
0.62 0.9903
0.621 0.9903
0.622 0.9904
0.623 0.9905
0.624 0.9906
0.625 0.9906
0.626 0.9907
0.627 0.9908
0.628 0.9908
0.629 0.9909
0.63 0.991
0.631 0.991
0.632 0.9911
0.633 0.9911
0.634 0.9912
0.635 0.9913
0.636 0.9913
0.637 0.9914
0.638 0.9915
0.639 0.9915
0.64 0.9916
0.641 0.9916
0.642 0.9917
0.643 0.9917
0.644 0.9918
0.645 0.9919
0.646 0.9919
0.647 0.992
0.648 0.992
0.649 0.9921
0.65 0.9922
0.651 0.9922
0.652 0.9923
0.653 0.9923
0.654 0.9924
0.655 0.9924
0.656 0.9925
0.657 0.9926
0.658 0.9926
0.659 0.9927
0.66 0.9927
0.661 0.9928
0.662 0.9928
0.663 0.9929
0.664 0.9929
0.665 0.993
0.666 0.993
0.667 0.993
0.668 0.9931
0.669 0.9931
0.67 0.9932
0.671 0.9932
0.672 0.9933
0.673 0.9933
0.674 0.9934
0.675 0.9934
0.676 0.9934
0.677 0.9935
0.678 0.9935
0.679 0.9936
0.68 0.9936
0.681 0.9937
0.682 0.9937
0.683 0.9938
0.684 0.9938
0.685 0.9938
0.686 0.9939
0.687 0.9939
0.688 0.994
0.689 0.994
0.69 0.994
0.691 0.9941
0.692 0.9941
0.693 0.9942
0.694 0.9942
0.695 0.9943
0.696 0.9943
0.697 0.9943
0.698 0.9944
0.699 0.9944
0.7 0.9945
0.701 0.9945
0.702 0.9945
0.703 0.9946
0.704 0.9946
0.705 0.9946
0.706 0.9947
0.707 0.9947
0.708 0.9947
0.709 0.9948
0.71 0.9948
0.711 0.9948
0.712 0.9949
0.713 0.9949
0.714 0.9949
0.715 0.9949
0.716 0.995
0.717 0.995
0.718 0.995
0.719 0.9951
0.72 0.9951
0.721 0.9951
0.722 0.9951
0.723 0.9952
0.724 0.9952
0.725 0.9953
0.726 0.9953
0.727 0.9953
0.728 0.9954
0.729 0.9954
0.73 0.9954
0.731 0.9955
0.732 0.9955
0.733 0.9955
0.734 0.9955
0.735 0.9956
0.736 0.9956
0.737 0.9956
0.738 0.9957
0.739 0.9957
0.74 0.9957
0.741 0.9957
0.742 0.9958
0.743 0.9958
0.744 0.9958
0.745 0.9958
0.746 0.9959
0.747 0.9959
0.748 0.9959
0.749 0.996
0.75 0.996
0.751 0.996
0.752 0.9961
0.753 0.9961
0.754 0.9961
0.755 0.9961
0.756 0.9962
0.757 0.9962
0.758 0.9962
0.759 0.9962
0.76 0.9963
0.761 0.9963
0.762 0.9963
0.763 0.9963
0.764 0.9964
0.765 0.9964
0.766 0.9964
0.767 0.9964
0.768 0.9964
0.769 0.9965
0.77 0.9965
0.771 0.9965
0.772 0.9966
0.773 0.9966
0.774 0.9966
0.775 0.9966
0.776 0.9967
0.777 0.9967
0.778 0.9967
0.779 0.9967
0.78 0.9967
0.781 0.9968
0.782 0.9968
0.783 0.9968
0.784 0.9968
0.785 0.9968
0.786 0.9969
0.787 0.9969
0.788 0.9969
0.789 0.997
0.79 0.997
0.791 0.997
0.792 0.997
0.793 0.9971
0.794 0.9971
0.795 0.9971
0.796 0.9971
0.797 0.9971
0.798 0.9972
0.799 0.9972
0.8 0.9972
0.801 0.9972
0.802 0.9973
0.803 0.9973
0.804 0.9973
0.805 0.9973
0.806 0.9973
0.807 0.9974
0.808 0.9974
0.809 0.9974
0.81 0.9974
0.811 0.9974
0.812 0.9975
0.813 0.9975
0.814 0.9975
0.815 0.9975
0.816 0.9975
0.817 0.9976
0.818 0.9976
0.819 0.9976
0.82 0.9976
0.821 0.9976
0.822 0.9976
0.823 0.9976
0.824 0.9976
0.825 0.9976
0.826 0.9977
0.827 0.9977
0.828 0.9977
0.829 0.9977
0.83 0.9977
0.831 0.9977
0.832 0.9978
0.833 0.9978
0.834 0.9978
0.835 0.9978
0.836 0.9978
0.837 0.9978
0.838 0.9978
0.839 0.9979
0.84 0.9979
0.841 0.9979
0.842 0.9979
0.843 0.9979
0.844 0.9979
0.845 0.9979
0.846 0.9979
0.847 0.9979
0.848 0.998
0.849 0.998
0.85 0.998
0.851 0.998
0.852 0.998
0.853 0.998
0.854 0.9981
0.855 0.9981
0.856 0.9981
0.857 0.9981
0.858 0.9981
0.859 0.9981
0.86 0.9981
0.861 0.9981
0.862 0.9981
0.863 0.9982
0.864 0.9982
0.865 0.9982
0.866 0.9982
0.867 0.9982
0.868 0.9982
0.869 0.9982
0.87 0.9982
0.871 0.9983
0.872 0.9983
0.873 0.9983
0.874 0.9983
0.875 0.9983
0.876 0.9983
0.877 0.9983
0.878 0.9983
0.879 0.9983
0.88 0.9983
0.881 0.9984
0.882 0.9984
0.883 0.9984
0.884 0.9984
0.885 0.9984
0.886 0.9984
0.887 0.9984
0.888 0.9984
0.889 0.9985
0.89 0.9985
0.891 0.9985
0.892 0.9985
0.893 0.9985
0.894 0.9985
0.895 0.9985
0.896 0.9985
0.897 0.9985
0.898 0.9985
0.899 0.9985
0.9 0.9986
0.901 0.9986
0.902 0.9986
0.903 0.9986
0.904 0.9986
0.905 0.9986
0.906 0.9986
0.907 0.9986
0.908 0.9986
0.909 0.9986
0.91 0.9986
0.911 0.9986
0.912 0.9986
0.913 0.9987
0.914 0.9987
0.915 0.9987
0.916 0.9987
0.917 0.9987
0.918 0.9987
0.919 0.9987
0.92 0.9987
0.921 0.9987
0.922 0.9987
0.923 0.9987
0.924 0.9987
0.925 0.9988
0.926 0.9988
0.927 0.9988
0.928 0.9988
0.929 0.9988
0.93 0.9988
0.931 0.9988
0.932 0.9988
0.933 0.9988
0.934 0.9988
0.935 0.9988
0.936 0.9988
0.937 0.9988
0.938 0.9988
0.939 0.9988
0.94 0.9989
0.941 0.9989
0.942 0.9989
0.943 0.9989
0.944 0.9989
0.945 0.9989
0.946 0.9989
0.947 0.9989
0.948 0.9989
0.949 0.9989
0.95 0.9989
0.951 0.9989
0.952 0.9989
0.953 0.9989
0.954 0.9989
0.955 0.999
0.956 0.999
0.957 0.999
0.958 0.999
0.959 0.999
0.96 0.999
0.961 0.999
0.962 0.999
0.963 0.999
0.964 0.999
0.965 0.999
0.966 0.999
0.967 0.999
0.968 0.999
0.969 0.9991
0.97 0.9991
0.971 0.9991
0.972 0.9991
0.973 0.9991
0.974 0.9991
0.975 0.9991
0.976 0.9991
0.977 0.9991
0.978 0.9991
0.979 0.9991
0.98 0.9991
0.981 0.9991
0.982 0.9991
0.983 0.9991
0.984 0.9991
0.985 0.9991
0.986 0.9991
0.987 0.9991
0.988 0.9991
0.989 0.9992
0.99 0.9992
0.991 0.9992
0.992 0.9992
0.993 0.9992
0.994 0.9992
0.996 0.9992
0.997 0.9992
0.998 0.9992
0.999 0.9992
1 0.9992
1.002 0.9992
1.003 0.9992
1.005 0.9992
1.007 0.9992
1.009 0.9992
1.01 0.9992
1.011 0.9992
1.012 0.9992
1.013 0.9992
1.014 0.9993
1.015 0.9993
1.016 0.9993
1.018 0.9993
1.019 0.9993
1.02 0.9993
1.021 0.9993
1.022 0.9993
1.023 0.9993
1.024 0.9993
1.025 0.9993
1.026 0.9993
1.027 0.9993
1.028 0.9993
1.029 0.9993
1.031 0.9993
1.032 0.9993
1.033 0.9993
1.034 0.9993
1.035 0.9993
1.036 0.9993
1.037 0.9993
1.038 0.9994
1.039 0.9994
1.04 0.9994
1.041 0.9994
1.043 0.9994
1.045 0.9994
1.046 0.9994
1.047 0.9994
1.048 0.9994
1.049 0.9994
1.05 0.9994
1.051 0.9994
1.052 0.9994
1.053 0.9994
1.054 0.9994
1.055 0.9994
1.058 0.9994
1.059 0.9994
1.06 0.9994
1.061 0.9994
1.062 0.9994
1.063 0.9994
1.064 0.9995
1.065 0.9995
1.066 0.9995
1.067 0.9995
1.068 0.9995
1.069 0.9995
1.07 0.9995
1.071 0.9995
1.073 0.9995
1.074 0.9995
1.075 0.9995
1.076 0.9995
1.077 0.9995
1.079 0.9995
1.08 0.9995
1.081 0.9995
1.082 0.9995
1.083 0.9995
1.085 0.9995
1.086 0.9995
1.087 0.9995
1.089 0.9995
1.09 0.9995
1.091 0.9995
1.092 0.9995
1.095 0.9995
1.096 0.9995
1.097 0.9995
1.098 0.9995
1.099 0.9995
1.102 0.9995
1.103 0.9995
1.105 0.9996
1.106 0.9996
1.107 0.9996
1.109 0.9996
1.11 0.9996
1.112 0.9996
1.113 0.9996
1.116 0.9996
1.117 0.9996
1.118 0.9996
1.121 0.9996
1.122 0.9996
1.123 0.9996
1.124 0.9996
1.125 0.9996
1.126 0.9996
1.127 0.9996
1.13 0.9996
1.131 0.9996
1.132 0.9996
1.134 0.9996
1.135 0.9996
1.137 0.9996
1.139 0.9996
1.144 0.9996
1.146 0.9997
1.147 0.9997
1.148 0.9997
1.15 0.9997
1.154 0.9997
1.155 0.9997
1.156 0.9997
1.157 0.9997
1.158 0.9997
1.159 0.9997
1.161 0.9997
1.163 0.9997
1.164 0.9997
1.167 0.9997
1.169 0.9997
1.171 0.9997
1.173 0.9997
1.174 0.9997
1.175 0.9997
1.176 0.9997
1.178 0.9997
1.179 0.9997
1.181 0.9997
1.182 0.9997
1.185 0.9997
1.187 0.9997
1.189 0.9997
1.19 0.9997
1.191 0.9997
1.192 0.9997
1.193 0.9997
1.194 0.9997
1.195 0.9998
1.199 0.9998
1.201 0.9998
1.202 0.9998
1.204 0.9998
1.207 0.9998
1.208 0.9998
1.21 0.9998
1.213 0.9998
1.214 0.9998
1.217 0.9998
1.219 0.9998
1.22 0.9998
1.222 0.9998
1.223 0.9998
1.224 0.9998
1.225 0.9998
1.226 0.9998
1.227 0.9998
1.228 0.9998
1.229 0.9998
1.233 0.9998
1.241 0.9998
1.242 0.9998
1.245 0.9998
1.246 0.9998
1.25 0.9998
1.253 0.9998
1.258 0.9998
1.268 0.9998
1.269 0.9998
1.272 0.9998
1.273 0.9998
1.274 0.9998
1.277 0.9998
1.278 0.9998
1.279 0.9998
1.28 0.9998
1.281 0.9998
1.299 0.9998
1.3 0.9998
1.305 0.9999
1.315 0.9999
1.32 0.9999
1.322 0.9999
1.325 0.9999
1.328 0.9999
1.33 0.9999
1.34 0.9999
1.35 0.9999
1.353 0.9999
1.358 0.9999
1.362 0.9999
1.363 0.9999
1.384 0.9999
1.399 0.9999
1.41 0.9999
1.411 0.9999
1.419 0.9999
1.432 0.9999
1.435 0.9999
1.443 0.9999
1.451 0.9999
1.457 0.9999
1.471 0.9999
1.475 0.9999
1.478 0.9999
1.48 0.9999
1.485 0.9999
1.498 0.9999
1.506 0.9999
1.525 0.9999
1.527 0.9999
1.558 0.9999
1.59 0.9999
1.619 0.9999
1.631 0.9999
1.677 0.9999
1.809 0.9999
1.885 1
1.973 1
1.991 1
2.024 1
2.07 1
2.282 1
2.586 1
2.946 1
3.262 1
3.282 1
3.452 1
3.502 1
3.672 1
3.904 1
4.129 1
4.145 1
4.317 1
5.676 1
5.926 1
7.322 1
11.174 1
13.009 1
22.181 1
698.23 1
