12 0
16 0.0002
40 0.0002
60 0.0003
64 0.0005
66 0.0008
68 0.001
69 0.001
72 0.0012
74 0.0017
75 0.0017
76 0.0019
80 0.0019
81 0.0019
84 0.002
86 0.0028
88 0.003
90 0.0031
91 0.0045
94 0.0045
96 0.02
98 0.0201
99 0.0201
100 0.0201
103 0.0202
104 0.0204
106 0.0205
108 0.0214
110 0.0215
112 0.0217
113 0.0217
114 0.0218
118 0.0218
119 0.0218
120 0.0219
121 0.022
122 0.022
124 0.022
126 0.0222
128 0.0223
129 0.0224
133 0.0224
134 0.0226
136 0.0226
138 0.0227
139 0.0229
140 0.023
142 0.0231
144 0.0276
145 0.0277
146 0.0277
148 0.0278
150 0.028
151 0.0281
152 0.0283
153 0.0286
154 0.0302
155 0.033
156 0.0498
157 0.0734
158 0.088
159 0.1139
160 0.1561
161 0.1783
162 0.1913
163 0.215
164 0.2301
165 0.2341
166 0.2393
167 0.2448
168 0.254
169 0.2636
170 0.2746
171 0.2895
172 0.3064
173 0.3208
174 0.3334
175 0.3416
176 0.3501
177 0.3563
178 0.3584
179 0.3612
180 0.3638
181 0.3657
182 0.3683
183 0.3717
184 0.3747
185 0.3782
186 0.3808
187 0.3852
188 0.3882
189 0.3909
190 0.3929
191 0.3953
192 0.4015
193 0.4048
194 0.4069
195 0.4103
196 0.4134
197 0.4156
198 0.4197
199 0.4263
200 0.4346
201 0.4406
202 0.4476
203 0.458
204 0.4663
205 0.4709
206 0.4774
207 0.4826
208 0.4859
209 0.489
210 0.4935
211 0.4962
212 0.4987
213 0.5012
214 0.5042
215 0.5072
216 0.511
217 0.5137
218 0.5158
219 0.5179
220 0.5204
221 0.522
222 0.5242
223 0.5261
224 0.5283
225 0.5296
226 0.531
227 0.533
228 0.5363
229 0.5393
230 0.5425
231 0.547
232 0.5497
233 0.5521
234 0.5557
235 0.561
236 0.5658
237 0.5724
238 0.5818
239 0.5893
240 0.5976
241 0.6063
242 0.6156
243 0.6217
244 0.6267
245 0.6315
246 0.6355
247 0.6395
248 0.6435
249 0.6479
250 0.6543
251 0.6604
252 0.6664
253 0.6725
254 0.6783
255 0.683
256 0.6874
257 0.6902
258 0.6931
259 0.695
260 0.6968
261 0.6985
262 0.7005
263 0.7027
264 0.7049
265 0.7066
266 0.7086
267 0.7105
268 0.7128
269 0.7142
270 0.7161
271 0.7174
272 0.7185
273 0.7198
274 0.7213
275 0.7227
276 0.7241
277 0.726
278 0.7279
279 0.7299
280 0.7321
281 0.7347
282 0.7382
283 0.741
284 0.7437
285 0.7474
286 0.7498
287 0.7518
288 0.7544
289 0.7559
290 0.7573
291 0.7584
292 0.7599
293 0.762
294 0.7636
295 0.7653
296 0.7669
297 0.7686
298 0.7699
299 0.7711
300 0.772
301 0.7729
302 0.7739
303 0.7745
304 0.775
305 0.7756
306 0.7766
307 0.7774
308 0.7785
309 0.7796
310 0.7809
311 0.7819
312 0.7834
313 0.7849
314 0.7863
315 0.7877
316 0.7901
317 0.7919
318 0.794
319 0.7966
320 0.7996
321 0.8024
322 0.805
323 0.8073
324 0.8093
325 0.8109
326 0.8124
327 0.8149
328 0.8167
329 0.8191
330 0.8216
331 0.8238
332 0.8263
333 0.8285
334 0.8307
335 0.8326
336 0.8342
337 0.8359
338 0.8372
339 0.8385
340 0.8394
341 0.8406
342 0.8416
343 0.8429
344 0.844
345 0.8451
346 0.8461
347 0.8472
348 0.8482
349 0.849
350 0.8498
351 0.8503
352 0.8513
353 0.852
354 0.8528
355 0.8541
356 0.8546
357 0.8553
358 0.8564
359 0.8577
360 0.8593
361 0.8606
362 0.8618
363 0.8628
364 0.8637
365 0.8647
366 0.8658
367 0.8667
368 0.8678
369 0.8685
370 0.8691
371 0.8698
372 0.8708
373 0.8717
374 0.8724
375 0.8735
376 0.8745
377 0.8752
378 0.8758
379 0.8764
380 0.8769
381 0.8775
382 0.8779
383 0.8782
384 0.8786
385 0.8791
386 0.8796
387 0.8803
388 0.8808
389 0.8811
390 0.8818
391 0.8825
392 0.8831
393 0.8838
394 0.8844
395 0.8852
396 0.886
397 0.8866
398 0.8875
399 0.8884
400 0.8892
401 0.89
402 0.8912
403 0.8921
404 0.893
405 0.8938
406 0.8949
407 0.8957
408 0.8967
409 0.898
410 0.899
411 0.8998
412 0.9009
413 0.9018
414 0.903
415 0.904
416 0.9051
417 0.9059
418 0.9065
419 0.9071
420 0.9078
421 0.9084
422 0.9089
423 0.9095
424 0.9099
425 0.9105
426 0.9112
427 0.9119
428 0.9121
429 0.9125
430 0.913
431 0.9135
432 0.914
433 0.9143
434 0.9147
435 0.9151
436 0.9157
437 0.9162
438 0.9168
439 0.9173
440 0.9178
441 0.9185
442 0.9192
443 0.9198
444 0.9203
445 0.921
446 0.9217
447 0.9221
448 0.9226
449 0.9231
450 0.9236
451 0.9242
452 0.9247
453 0.9252
454 0.9256
455 0.9261
456 0.9267
457 0.9271
458 0.9275
459 0.928
460 0.9282
461 0.9285
462 0.9287
463 0.929
464 0.9291
465 0.9293
466 0.9296
467 0.93
468 0.9304
469 0.9307
470 0.931
471 0.9312
472 0.9315
473 0.9318
474 0.9321
475 0.9324
476 0.9328
477 0.9332
478 0.9337
479 0.9342
480 0.9353
481 0.9359
482 0.9362
483 0.9368
484 0.9372
485 0.9375
486 0.9378
487 0.9381
488 0.9387
489 0.9391
490 0.9398
491 0.9403
492 0.9406
493 0.9412
494 0.9419
495 0.9423
496 0.9426
497 0.943
498 0.9434
499 0.9438
500 0.9441
501 0.9445
502 0.9448
503 0.9452
504 0.9454
505 0.9458
506 0.9461
507 0.9465
508 0.9468
509 0.9471
510 0.9474
511 0.9476
512 0.9479
513 0.9483
514 0.9485
515 0.9487
516 0.9489
517 0.9492
518 0.9496
519 0.9499
520 0.9504
521 0.9505
522 0.9508
523 0.9511
524 0.9514
525 0.9517
526 0.952
527 0.9522
528 0.9524
529 0.9526
530 0.9529
531 0.9531
532 0.9533
533 0.9537
534 0.9541
535 0.9543
536 0.9547
537 0.9549
538 0.9552
539 0.9553
540 0.9555
541 0.9557
542 0.9559
543 0.9561
544 0.9564
545 0.9567
546 0.957
547 0.9572
548 0.9573
549 0.9575
550 0.9577
551 0.9579
552 0.9581
553 0.9583
554 0.9584
555 0.9586
556 0.9587
557 0.9588
558 0.9589
559 0.9591
560 0.9593
561 0.9596
562 0.9599
563 0.9601
564 0.9604
565 0.9604
566 0.9605
567 0.9608
568 0.9611
569 0.9614
570 0.9616
571 0.9618
572 0.962
573 0.9622
574 0.9625
575 0.9627
576 0.9629
577 0.9631
578 0.9633
579 0.9635
580 0.9638
581 0.964
582 0.9642
583 0.9645
584 0.9647
585 0.9649
586 0.9652
587 0.9654
588 0.9657
589 0.9658
590 0.9659
591 0.966
592 0.9661
593 0.9663
594 0.9664
595 0.9665
596 0.9667
597 0.967
598 0.9672
599 0.9673
600 0.9674
601 0.9675
602 0.9676
603 0.9677
604 0.9678
605 0.968
606 0.9681
607 0.9682
608 0.9684
609 0.9685
610 0.9686
611 0.9688
612 0.9689
613 0.9692
614 0.9693
615 0.9694
616 0.9696
617 0.9697
618 0.9699
619 0.97
620 0.9702
621 0.9704
622 0.9706
623 0.9707
624 0.9708
625 0.9709
626 0.9709
627 0.971
628 0.9712
629 0.9713
630 0.9714
631 0.9716
632 0.9717
633 0.9719
634 0.9721
635 0.9721
636 0.9723
637 0.9724
638 0.9725
639 0.9726
640 0.9726
641 0.9727
642 0.9728
643 0.9728
644 0.9729
645 0.9729
646 0.9731
647 0.9733
648 0.9733
649 0.9735
650 0.9736
651 0.9737
652 0.9738
653 0.9738
654 0.9741
655 0.9741
656 0.9742
657 0.9743
658 0.9745
659 0.9746
660 0.9746
661 0.9747
662 0.9748
663 0.9749
664 0.975
665 0.9751
666 0.9752
667 0.9753
668 0.9753
669 0.9755
670 0.9756
671 0.9757
672 0.9758
673 0.9759
674 0.9759
675 0.9759
676 0.976
677 0.9761
678 0.9761
679 0.9762
680 0.9763
681 0.9764
682 0.9765
683 0.9766
684 0.9767
685 0.9768
686 0.9768
687 0.9769
688 0.9771
689 0.9772
690 0.9773
691 0.9773
692 0.9774
693 0.9775
694 0.9777
695 0.9777
696 0.9778
697 0.9779
698 0.978
699 0.9781
700 0.9782
702 0.9784
703 0.9785
704 0.9786
705 0.9787
706 0.9788
707 0.9789
708 0.979
709 0.979
710 0.9791
711 0.9792
712 0.9792
713 0.9793
714 0.9795
716 0.9796
717 0.9796
718 0.9798
719 0.9798
720 0.9799
721 0.98
722 0.9802
723 0.9802
724 0.9803
725 0.9804
726 0.9806
727 0.9806
728 0.9807
729 0.9809
730 0.981
731 0.981
732 0.9811
733 0.9812
734 0.9813
735 0.9814
736 0.9814
737 0.9815
738 0.9815
739 0.9816
740 0.9818
741 0.9818
742 0.9819
743 0.9819
744 0.982
745 0.982
746 0.982
747 0.9821
748 0.9822
750 0.9823
751 0.9823
752 0.9824
754 0.9826
755 0.9826
756 0.9826
757 0.9827
758 0.9827
759 0.9828
760 0.9828
761 0.9829
762 0.9829
763 0.983
764 0.9831
765 0.9831
766 0.9831
767 0.9832
768 0.9832
769 0.9833
770 0.9834
771 0.9834
772 0.9835
773 0.9835
774 0.9836
776 0.9836
777 0.9837
778 0.9838
779 0.9838
780 0.9839
781 0.9839
782 0.9839
783 0.984
784 0.984
785 0.984
786 0.984
787 0.9841
788 0.9841
789 0.9842
790 0.9843
791 0.9844
793 0.9844
794 0.9845
796 0.9846
797 0.9846
798 0.9846
799 0.9847
800 0.9847
802 0.9847
803 0.9848
804 0.9848
805 0.9849
806 0.985
807 0.9851
808 0.9851
809 0.9852
811 0.9852
812 0.9852
814 0.9853
816 0.9854
817 0.9854
818 0.9855
819 0.9855
820 0.9855
821 0.9856
822 0.9856
823 0.9857
825 0.9858
827 0.9858
831 0.9858
832 0.9859
833 0.9859
835 0.986
836 0.986
837 0.9861
839 0.9861
840 0.9861
842 0.9862
845 0.9862
846 0.9863
847 0.9864
849 0.9864
850 0.9864
851 0.9865
852 0.9865
853 0.9866
854 0.9867
856 0.9867
858 0.9867
859 0.9868
860 0.9868
863 0.9869
864 0.9869
866 0.987
867 0.987
868 0.9871
869 0.9871
871 0.9871
872 0.9871
873 0.9872
874 0.9872
875 0.9873
876 0.9873
877 0.9873
880 0.9874
881 0.9874
884 0.9874
885 0.9875
886 0.9875
887 0.9876
890 0.9876
893 0.9877
894 0.9877
895 0.9877
896 0.9878
898 0.9878
900 0.9879
901 0.9879
904 0.9879
906 0.9879
907 0.988
911 0.988
913 0.988
914 0.9881
915 0.9881
916 0.9881
920 0.9882
921 0.9882
922 0.9883
923 0.9883
924 0.9884
925 0.9884
929 0.9884
938 0.9885
940 0.9885
945 0.9885
947 0.9886
948 0.9886
949 0.9886
951 0.9886
952 0.9887
955 0.9887
958 0.9887
960 0.9888
964 0.9888
965 0.9888
967 0.9888
968 0.9889
972 0.9889
973 0.989
976 0.9891
980 0.9891
982 0.9891
983 0.9892
988 0.9892
989 0.9892
992 0.9893
996 0.9893
997 0.9893
998 0.9894
1003 0.9894
1004 0.9894
1006 0.9895
1008 0.9895
1015 0.9895
1020 0.9895
1025 0.9896
1035 0.9896
1037 0.9896
1038 0.9897
1039 0.9897
1049 0.9897
1052 0.9898
1053 0.9898
1055 0.9898
1058 0.9898
1060 0.9899
1062 0.9899
1063 0.9899
1064 0.9899
1075 0.99
1076 0.99
1078 0.9901
1079 0.9901
1083 0.9901
1085 0.9901
1087 0.9902
1098 0.9902
1105 0.9902
1107 0.9903
1115 0.9903
1119 0.9903
1121 0.9903
1132 0.9903
1144 0.9904
1150 0.9904
1162 0.9904
1168 0.9905
1174 0.9905
1177 0.9905
1181 0.9906
1186 0.9906
1192 0.9906
1193 0.9906
1200 0.9907
1205 0.9907
1214 0.9907
1215 0.9908
1234 0.9908
1241 0.9908
1243 0.9909
1251 0.9909
1252 0.9909
1275 0.9909
1298 0.991
1299 0.991
1308 0.991
1314 0.9911
1315 0.9911
1316 0.9911
1353 0.9911
1355 0.9911
1357 0.9912
1380 0.9912
1393 0.9912
1394 0.9912
1411 0.9913
1412 0.9913
1432 0.9913
1439 0.9914
1445 0.9914
1452 0.9914
1460 0.9915
1463 0.9915
1471 0.9915
1490 0.9915
1515 0.9916
1520 0.9916
1529 0.9916
1553 0.9916
1606 0.9917
1608 0.9917
1611 0.9918
1631 0.9918
1651 0.9918
1652 0.9918
1656 0.9919
1667 0.9919
1674 0.9919
1676 0.9919
1686 0.9919
1696 0.992
1707 0.992
1731 0.9922
1734 0.9922
1751 0.9922
1752 0.9923
1769 0.9923
1789 0.9923
1796 0.9924
1798 0.9924
1800 0.9924
1804 0.9924
1806 0.9925
1815 0.9925
1834 0.9925
1836 0.9925
1847 0.9926
1881 0.9926
1893 0.9926
1897 0.9926
1914 0.9927
1961 0.9927
1962 0.9927
1988 0.9927
1999 0.9928
2013 0.9928
2031 0.9928
2032 0.9929
2052 0.9929
2068 0.9929
2072 0.9929
2079 0.993
2087 0.993
2092 0.993
2122 0.993
2133 0.9931
2150 0.9931
2159 0.9931
2174 0.9931
2231 0.9932
2235 0.9932
2236 0.9932
2255 0.9932
2315 0.9933
2344 0.9933
2348 0.9933
2350 0.9933
2385 0.9934
2400 0.9934
2406 0.9934
2429 0.9934
2505 0.9935
2516 0.9935
2530 0.9935
2537 0.9935
2562 0.9935
2572 0.9936
2618 0.9936
2628 0.9936
2633 0.9936
2659 0.9937
2670 0.9937
2671 0.9937
2693 0.9937
2707 0.9938
2723 0.9938
2744 0.9938
2755 0.9938
2811 0.9939
2823 0.9939
2849 0.9939
2865 0.9939
2869 0.994
2884 0.994
2949 0.994
3004 0.9941
3072 0.9941
3092 0.9941
3110 0.9941
3116 0.9942
3209 0.9942
3211 0.9942
3216 0.9942
3290 0.9943
3310 0.9943
3314 0.9943
3422 0.9943
3488 0.9943
3518 0.9944
3544 0.9944
3546 0.9944
3578 0.9944
3660 0.9945
3769 0.9945
3782 0.9945
3792 0.9945
3949 0.9946
3953 0.9946
4017 0.9946
4064 0.9946
4120 0.9947
4125 0.9947
4156 0.9947
4212 0.9947
4226 0.9948
4253 0.9948
4469 0.9948
4493 0.9948
4499 0.9949
4533 0.9949
4602 0.9949
4609 0.9949
4686 0.995
4768 0.995
4811 0.995
4936 0.995
4944 0.9951
4997 0.9951
5035 0.9951
5109 0.9951
5200 0.9951
5211 0.9952
5285 0.9952
5331 0.9952
5557 0.9952
5593 0.9953
5604 0.9953
5749 0.9953
5769 0.9953
5775 0.9954
5877 0.9954
6185 0.9954
6255 0.9954
6578 0.9955
6589 0.9955
6595 0.9955
6921 0.9955
7008 0.9956
7075 0.9956
7223 0.9956
7283 0.9956
7600 0.9957
7618 0.9957
7717 0.9957
7746 0.9957
7762 0.9958
8081 0.9958
8109 0.9958
8398 0.9958
8475 0.9959
8548 0.9959
8616 0.9959
8907 0.9959
8945 0.996
8967 0.996
9122 0.996
9287 0.996
9602 0.996
9982 0.9961
10364 0.9961
10389 0.9961
10577 0.9961
10691 0.9962
10802 0.9962
10954 0.9962
10973 0.9962
11029 0.9963
11087 0.9963
11531 0.9963
12156 0.9963
12827 0.9964
13163 0.9964
13240 0.9964
13323 0.9964
13590 0.9965
13680 0.9965
13743 0.9965
14093 0.9965
14101 0.9966
14288 0.9966
16721 0.9966
17314 0.9966
18140 0.9967
18157 0.9967
18434 0.9967
18609 0.9967
18967 0.9968
20128 0.9968
20757 0.9968
22086 0.9968
22330 0.9969
22383 0.9969
25573 0.9969
26199 0.997
27251 0.997
27273 0.997
27662 0.997
28419 0.9971
30961 0.9971
32661 0.9971
41267 0.9971
48549 0.9972
51714 0.9972
57238 0.9972
57869 0.9972
62332 0.9973
78083 0.9973
81568 0.9973
85844 0.9973
93059 0.9974
97325 0.9974
107890 0.9974
110180 0.9974
113408 0.9975
120236 0.9975
122451 0.9975
129597 0.9975
134374 0.9976
138102 0.9976
143249 0.9976
157808 0.9976
161590 0.9976
165391 0.9977
167641 0.9977
186245 0.9977
186500 0.9977
196632 0.9978
214638 0.9978
231043 0.9978
252444 0.9978
299307 0.9979
301440 0.9979
301651 0.9979
330090 0.9979
332207 0.998
333349 0.998
336504 0.998
339111 0.998
380837 0.9981
385727 0.9981
396974 0.9981
410431 0.9981
444703 0.9982
453418 0.9982
497442 0.9982
511058 0.9982
539915 0.9983
557277 0.9983
583422 0.9983
613586 0.9983
676796 0.9984
684293 0.9984
693214 0.9984
750137 0.9984
751572 0.9984
778388 0.9985
865769 0.9985
913193 0.9985
965947 0.9985
968116 0.9986
985792 0.9986
999120 0.9986
1018080 0.9986
1029645 0.9987
1040648 0.9987
1070319 0.9987
1081517 0.9987
1099270 0.9988
1135101 0.9988
1155506 0.9988
1165837 0.9988
1170465 0.9989
1325512 0.9989
1427710 0.9989
1487307 0.9989
1591466 0.999
1684297 0.999
1693838 0.999
1717869 0.999
1749288 0.9991
1826699 0.9991
1856378 0.9991
1912551 0.9991
1914284 0.9992
1981343 0.9992
1996402 0.9992
2242989 0.9992
2287311 0.9992
2351882 0.9993
2452369 0.9993
2538864 0.9993
2552288 0.9993
2581719 0.9994
2808861 0.9994
2825094 0.9994
3052149 0.9994
3078213 0.9995
3083243 0.9995
3507487 0.9995
3901285 0.9995
4056157 0.9996
4336782 0.9996
5119499 0.9996
5220359 0.9996
5509323 0.9997
6460052 0.9997
6511671 0.9997
6593868 0.9997
6650772 0.9998
6834219 0.9998
9801754 0.9998
10283038 0.9998
11763680 0.9999
12599156 0.9999
13272786 0.9999
13915963 0.9999
15431632 1
15651659 1
24160526 1
