0 0.0002
0.001 0.0012
0.002 0.0019
0.003 0.0027
0.004 0.0033
0.005 0.0043
0.006 0.0051
0.007 0.0058
0.008 0.0067
0.009 0.0073
0.01 0.0081
0.011 0.009
0.012 0.0098
0.013 0.0105
0.014 0.0112
0.015 0.0119
0.016 0.0125
0.017 0.0134
0.018 0.0142
0.019 0.0151
0.02 0.0157
0.021 0.0164
0.022 0.0173
0.023 0.0181
0.024 0.019
0.025 0.0198
0.026 0.0204
0.027 0.0215
0.028 0.0224
0.029 0.0233
0.03 0.0242
0.031 0.0249
0.032 0.0255
0.033 0.0266
0.034 0.0273
0.035 0.0281
0.036 0.0289
0.037 0.0295
0.038 0.0301
0.039 0.0307
0.04 0.0315
0.041 0.0321
0.042 0.0329
0.043 0.0337
0.044 0.0345
0.045 0.0353
0.046 0.036
0.047 0.0369
0.048 0.0377
0.049 0.0383
0.05 0.0391
0.051 0.0399
0.052 0.0407
0.053 0.0416
0.054 0.0422
0.055 0.0429
0.056 0.0439
0.057 0.0446
0.058 0.0453
0.059 0.046
0.06 0.0466
0.061 0.0474
0.062 0.0483
0.063 0.0489
0.064 0.0495
0.065 0.0501
0.066 0.0507
0.067 0.0513
0.068 0.0521
0.069 0.0528
0.07 0.0534
0.071 0.0545
0.072 0.0552
0.073 0.056
0.074 0.0566
0.075 0.0576
0.076 0.0587
0.077 0.0593
0.078 0.0599
0.079 0.0604
0.08 0.0611
0.081 0.0617
0.082 0.0624
0.083 0.0632
0.084 0.0638
0.085 0.0645
0.086 0.0653
0.087 0.0661
0.088 0.0668
0.089 0.0674
0.09 0.0682
0.091 0.0688
0.092 0.0693
0.093 0.0701
0.094 0.071
0.095 0.0717
0.096 0.0723
0.097 0.0729
0.098 0.0735
0.099 0.0743
0.1 0.0751
0.101 0.0758
0.102 0.0769
0.103 0.0776
0.104 0.0781
0.105 0.0788
0.106 0.0794
0.107 0.0801
0.108 0.0807
0.109 0.0814
0.11 0.0822
0.111 0.083
0.112 0.0838
0.113 0.0844
0.114 0.085
0.115 0.0857
0.116 0.0865
0.117 0.0872
0.118 0.0879
0.119 0.0886
0.12 0.0893
0.121 0.0901
0.122 0.0909
0.123 0.0917
0.124 0.0924
0.125 0.0932
0.126 0.0939
0.127 0.0947
0.128 0.0952
0.129 0.0961
0.13 0.0971
0.131 0.0979
0.132 0.0986
0.133 0.0994
0.134 0.0999
0.135 0.1007
0.136 0.1012
0.137 0.1019
0.138 0.1026
0.139 0.1031
0.14 0.1037
0.141 0.1044
0.142 0.1049
0.143 0.1054
0.144 0.1062
0.145 0.1069
0.146 0.1077
0.147 0.1084
0.148 0.109
0.149 0.1097
0.15 0.1106
0.151 0.1112
0.152 0.1119
0.153 0.1125
0.154 0.1132
0.155 0.1139
0.156 0.1148
0.157 0.1154
0.158 0.1164
0.159 0.1171
0.16 0.1178
0.161 0.1187
0.162 0.1193
0.163 0.12
0.164 0.1208
0.165 0.1214
0.166 0.1221
0.167 0.1229
0.168 0.1235
0.169 0.1241
0.17 0.1249
0.171 0.1256
0.172 0.1262
0.173 0.127
0.174 0.1275
0.175 0.1284
0.176 0.1291
0.177 0.1298
0.178 0.1308
0.179 0.1315
0.18 0.1323
0.181 0.1331
0.182 0.1338
0.183 0.1342
0.184 0.1348
0.185 0.1355
0.186 0.1362
0.187 0.137
0.188 0.1376
0.189 0.1382
0.19 0.139
0.191 0.1396
0.192 0.1405
0.193 0.1409
0.194 0.1415
0.195 0.1421
0.196 0.143
0.197 0.1438
0.198 0.1445
0.199 0.1453
0.2 0.1459
0.201 0.1464
0.202 0.1469
0.203 0.1475
0.204 0.1481
0.205 0.1488
0.206 0.1494
0.207 0.1501
0.208 0.1507
0.209 0.1511
0.21 0.1518
0.211 0.1525
0.212 0.1532
0.213 0.1539
0.214 0.1546
0.215 0.1552
0.216 0.1557
0.217 0.1562
0.218 0.1567
0.219 0.1572
0.22 0.1578
0.221 0.1584
0.222 0.1591
0.223 0.1596
0.224 0.1605
0.225 0.1612
0.226 0.1619
0.227 0.1624
0.228 0.1628
0.229 0.1635
0.23 0.164
0.231 0.1646
0.232 0.165
0.233 0.1656
0.234 0.1663
0.235 0.167
0.236 0.1678
0.237 0.1683
0.238 0.1692
0.239 0.1697
0.24 0.1702
0.241 0.1708
0.242 0.1714
0.243 0.1721
0.244 0.1728
0.245 0.1733
0.246 0.1738
0.247 0.1745
0.248 0.1749
0.249 0.1755
0.25 0.176
0.251 0.1765
0.252 0.1771
0.253 0.1776
0.254 0.1781
0.255 0.1788
0.256 0.1795
0.257 0.18
0.258 0.1807
0.259 0.1812
0.26 0.182
0.261 0.1827
0.262 0.1832
0.263 0.1839
0.264 0.1843
0.265 0.1851
0.266 0.1856
0.267 0.186
0.268 0.1867
0.269 0.1873
0.27 0.1878
0.271 0.1883
0.272 0.1888
0.273 0.1893
0.274 0.1897
0.275 0.1904
0.276 0.1908
0.277 0.1914
0.278 0.192
0.279 0.1926
0.28 0.1934
0.281 0.1942
0.282 0.1951
0.283 0.1957
0.284 0.1963
0.285 0.197
0.286 0.1975
0.287 0.1983
0.288 0.1989
0.289 0.1995
0.29 0.2001
0.291 0.2008
0.292 0.2014
0.293 0.2021
0.294 0.2027
0.295 0.2032
0.296 0.2036
0.297 0.2044
0.298 0.205
0.299 0.2055
0.3 0.2061
0.301 0.2067
0.302 0.2073
0.303 0.2078
0.304 0.2084
0.305 0.209
0.306 0.2097
0.307 0.21
0.308 0.2106
0.309 0.2111
0.31 0.2118
0.311 0.2122
0.312 0.2128
0.313 0.2135
0.314 0.2141
0.315 0.2145
0.316 0.215
0.317 0.2156
0.318 0.2163
0.319 0.2169
0.32 0.2175
0.321 0.2182
0.322 0.2188
0.323 0.2195
0.324 0.2201
0.325 0.221
0.326 0.2217
0.327 0.222
0.328 0.2227
0.329 0.2233
0.33 0.2238
0.331 0.2244
0.332 0.225
0.333 0.2256
0.334 0.2263
0.335 0.227
0.336 0.2277
0.337 0.2284
0.338 0.2291
0.339 0.2295
0.34 0.2299
0.341 0.2305
0.342 0.2311
0.343 0.2316
0.344 0.2321
0.345 0.2328
0.346 0.2332
0.347 0.234
0.348 0.2345
0.349 0.235
0.35 0.2356
0.351 0.2361
0.352 0.2366
0.353 0.2373
0.354 0.2378
0.355 0.2386
0.356 0.2391
0.357 0.2398
0.358 0.2406
0.359 0.2408
0.36 0.2414
0.361 0.2419
0.362 0.2424
0.363 0.2429
0.364 0.2434
0.365 0.2441
0.366 0.2447
0.367 0.2452
0.368 0.2459
0.369 0.2465
0.37 0.2471
0.371 0.2476
0.372 0.2482
0.373 0.2489
0.374 0.2495
0.375 0.25
0.376 0.2507
0.377 0.2512
0.378 0.2517
0.379 0.2522
0.38 0.2528
0.381 0.2535
0.382 0.2538
0.383 0.2547
0.384 0.2553
0.385 0.2559
0.386 0.2564
0.387 0.257
0.388 0.2577
0.389 0.2582
0.39 0.2587
0.391 0.2594
0.392 0.2597
0.393 0.2603
0.394 0.2608
0.395 0.2613
0.396 0.2618
0.397 0.2623
0.398 0.263
0.399 0.2634
0.4 0.2642
0.401 0.2646
0.402 0.265
0.403 0.2655
0.404 0.266
0.405 0.2668
0.406 0.2676
0.407 0.2681
0.408 0.2687
0.409 0.2693
0.41 0.2698
0.411 0.2704
0.412 0.271
0.413 0.2716
0.414 0.2721
0.415 0.2728
0.416 0.2734
0.417 0.2738
0.418 0.2744
0.419 0.2748
0.42 0.2753
0.421 0.2759
0.422 0.2766
0.423 0.2771
0.424 0.2777
0.425 0.2779
0.426 0.2785
0.427 0.2789
0.428 0.2794
0.429 0.28
0.43 0.2805
0.431 0.2808
0.432 0.2814
0.433 0.2819
0.434 0.2825
0.435 0.2832
0.436 0.2836
0.437 0.284
0.438 0.2845
0.439 0.2854
0.44 0.2859
0.441 0.2865
0.442 0.2873
0.443 0.2878
0.444 0.2884
0.445 0.2889
0.446 0.2894
0.447 0.2898
0.448 0.2902
0.449 0.2907
0.45 0.291
0.451 0.2915
0.452 0.2922
0.453 0.2928
0.454 0.2933
0.455 0.2937
0.456 0.2942
0.457 0.2946
0.458 0.2952
0.459 0.2956
0.46 0.296
0.461 0.2964
0.462 0.297
0.463 0.2974
0.464 0.2977
0.465 0.2983
0.466 0.2986
0.467 0.2992
0.468 0.2998
0.469 0.3003
0.47 0.3007
0.471 0.3014
0.472 0.3019
0.473 0.3023
0.474 0.3029
0.475 0.3031
0.476 0.3036
0.477 0.3041
0.478 0.3047
0.479 0.3052
0.48 0.3056
0.481 0.3061
0.482 0.3066
0.483 0.3072
0.484 0.3076
0.485 0.3081
0.486 0.3086
0.487 0.3092
0.488 0.3097
0.489 0.3103
0.49 0.3108
0.491 0.3114
0.492 0.3119
0.493 0.3125
0.494 0.313
0.495 0.3135
0.496 0.3139
0.497 0.3144
0.498 0.3149
0.499 0.3157
0.5 0.316
0.501 0.3166
0.502 0.3174
0.503 0.3179
0.504 0.3184
0.505 0.3188
0.506 0.3193
0.507 0.3197
0.508 0.3203
0.509 0.3209
0.51 0.3216
0.511 0.3222
0.512 0.3227
0.513 0.323
0.514 0.3236
0.515 0.3239
0.516 0.3244
0.517 0.3249
0.518 0.3252
0.519 0.3257
0.52 0.3263
0.521 0.3266
0.522 0.3271
0.523 0.3278
0.524 0.3284
0.525 0.329
0.526 0.3294
0.527 0.33
0.528 0.3306
0.529 0.3312
0.53 0.3316
0.531 0.3323
0.532 0.3328
0.533 0.3331
0.534 0.3335
0.535 0.3338
0.536 0.3344
0.537 0.3348
0.538 0.3356
0.539 0.3359
0.54 0.3364
0.541 0.3369
0.542 0.3374
0.543 0.3379
0.544 0.3384
0.545 0.3388
0.546 0.3393
0.547 0.3398
0.548 0.3405
0.549 0.341
0.55 0.3415
0.551 0.3419
0.552 0.3425
0.553 0.3428
0.554 0.3434
0.555 0.3439
0.556 0.3445
0.557 0.3449
0.558 0.3454
0.559 0.3458
0.56 0.3465
0.561 0.3469
0.562 0.3473
0.563 0.3479
0.564 0.3485
0.565 0.3489
0.566 0.3493
0.567 0.3498
0.568 0.3503
0.569 0.3509
0.57 0.3514
0.571 0.3519
0.572 0.3525
0.573 0.3529
0.574 0.3532
0.575 0.3537
0.576 0.3543
0.577 0.3549
0.578 0.3553
0.579 0.3558
0.58 0.3563
0.581 0.3569
0.582 0.3573
0.583 0.3577
0.584 0.3583
0.585 0.3588
0.586 0.3591
0.587 0.3596
0.588 0.36
0.589 0.3606
0.59 0.3608
0.591 0.3613
0.592 0.3616
0.593 0.3622
0.594 0.3625
0.595 0.3631
0.596 0.3634
0.597 0.3637
0.598 0.3642
0.599 0.3648
0.6 0.3651
0.601 0.3655
0.602 0.3659
0.603 0.3665
0.604 0.367
0.605 0.3676
0.606 0.368
0.607 0.3684
0.608 0.3689
0.609 0.3693
0.61 0.3699
0.611 0.3704
0.612 0.3711
0.613 0.3716
0.614 0.3723
0.615 0.3729
0.616 0.3733
0.617 0.3735
0.618 0.374
0.619 0.3744
0.62 0.3748
0.621 0.3752
0.622 0.3757
0.623 0.376
0.624 0.3766
0.625 0.3772
0.626 0.3775
0.627 0.378
0.628 0.3783
0.629 0.3787
0.63 0.3791
0.631 0.3797
0.632 0.38
0.633 0.3806
0.634 0.381
0.635 0.3817
0.636 0.3821
0.637 0.3825
0.638 0.3829
0.639 0.3835
0.64 0.3841
0.641 0.3845
0.642 0.3849
0.643 0.3852
0.644 0.3857
0.645 0.3861
0.646 0.3866
0.647 0.387
0.648 0.3875
0.649 0.3879
0.65 0.3884
0.651 0.389
0.652 0.3895
0.653 0.3899
0.654 0.3905
0.655 0.3909
0.656 0.3913
0.657 0.3918
0.658 0.3921
0.659 0.3925
0.66 0.3929
0.661 0.3933
0.662 0.3937
0.663 0.3942
0.664 0.3947
0.665 0.3954
0.666 0.3959
0.667 0.3964
0.668 0.3968
0.669 0.3971
0.67 0.3977
0.671 0.3982
0.672 0.3986
0.673 0.3988
0.674 0.399
0.675 0.3994
0.676 0.3999
0.677 0.4005
0.678 0.4011
0.679 0.4015
0.68 0.402
0.681 0.4025
0.682 0.403
0.683 0.4035
0.684 0.4039
0.685 0.4045
0.686 0.4049
0.687 0.4054
0.688 0.4059
0.689 0.4063
0.69 0.4066
0.691 0.4068
0.692 0.4071
0.693 0.4074
0.694 0.4078
0.695 0.4083
0.696 0.4087
0.697 0.4091
0.698 0.4095
0.699 0.41
0.7 0.4103
0.701 0.4107
0.702 0.4111
0.703 0.4115
0.704 0.4119
0.705 0.4127
0.706 0.413
0.707 0.4136
0.708 0.4142
0.709 0.4145
0.71 0.4149
0.711 0.4154
0.712 0.4157
0.713 0.4161
0.714 0.4166
0.715 0.4169
0.716 0.4173
0.717 0.4176
0.718 0.418
0.719 0.4185
0.72 0.4189
0.721 0.4192
0.722 0.4196
0.723 0.4201
0.724 0.4205
0.725 0.4208
0.726 0.4213
0.727 0.4217
0.728 0.4222
0.729 0.4227
0.73 0.4231
0.731 0.4235
0.732 0.4239
0.733 0.4242
0.734 0.4246
0.735 0.4251
0.736 0.4256
0.737 0.426
0.738 0.4263
0.739 0.4268
0.74 0.4272
0.741 0.4276
0.742 0.4281
0.743 0.4287
0.744 0.429
0.745 0.4294
0.746 0.4298
0.747 0.4301
0.748 0.4306
0.749 0.431
0.75 0.4313
0.751 0.4319
0.752 0.4324
0.753 0.4327
0.754 0.433
0.755 0.4333
0.756 0.4337
0.757 0.4341
0.758 0.4345
0.759 0.4351
0.76 0.4356
0.761 0.4359
0.762 0.4363
0.763 0.4367
0.764 0.4371
0.765 0.4375
0.766 0.4378
0.767 0.4384
0.768 0.4389
0.769 0.4393
0.77 0.4396
0.771 0.4401
0.772 0.4405
0.773 0.4408
0.774 0.4411
0.775 0.4414
0.776 0.4419
0.777 0.4422
0.778 0.4426
0.779 0.4429
0.78 0.4434
0.781 0.4438
0.782 0.4444
0.783 0.4448
0.784 0.4451
0.785 0.4456
0.786 0.4461
0.787 0.4464
0.788 0.447
0.789 0.4474
0.79 0.4479
0.791 0.4482
0.792 0.4486
0.793 0.449
0.794 0.4493
0.795 0.4497
0.796 0.4501
0.797 0.4505
0.798 0.4511
0.799 0.4515
0.8 0.452
0.801 0.4525
0.802 0.4528
0.803 0.4532
0.804 0.4537
0.805 0.4539
0.806 0.4543
0.807 0.4547
0.808 0.455
0.809 0.4555
0.81 0.4561
0.811 0.4563
0.812 0.4567
0.813 0.4569
0.814 0.4574
0.815 0.4579
0.816 0.4582
0.817 0.4586
0.818 0.4592
0.819 0.4597
0.82 0.46
0.821 0.4603
0.822 0.4607
0.823 0.4613
0.824 0.4616
0.825 0.4618
0.826 0.4622
0.827 0.4624
0.828 0.4628
0.829 0.4632
0.83 0.4635
0.831 0.4639
0.832 0.4643
0.833 0.4647
0.834 0.4651
0.835 0.4656
0.836 0.466
0.837 0.4663
0.838 0.4667
0.839 0.4671
0.84 0.4676
0.841 0.468
0.842 0.4684
0.843 0.4688
0.844 0.4691
0.845 0.4694
0.846 0.4698
0.847 0.4703
0.848 0.4705
0.849 0.471
0.85 0.4713
0.851 0.4715
0.852 0.472
0.853 0.4723
0.854 0.4727
0.855 0.4731
0.856 0.4734
0.857 0.4738
0.858 0.4741
0.859 0.4743
0.86 0.4747
0.861 0.4749
0.862 0.4754
0.863 0.4758
0.864 0.4762
0.865 0.4766
0.866 0.4771
0.867 0.4775
0.868 0.4779
0.869 0.4784
0.87 0.4787
0.871 0.4791
0.872 0.4795
0.873 0.4799
0.874 0.4803
0.875 0.4808
0.876 0.4813
0.877 0.4816
0.878 0.482
0.879 0.4825
0.88 0.4828
0.881 0.4831
0.882 0.4835
0.883 0.4839
0.884 0.4841
0.885 0.4844
0.886 0.4847
0.887 0.4851
0.888 0.4857
0.889 0.4861
0.89 0.4866
0.891 0.4869
0.892 0.4874
0.893 0.4878
0.894 0.4881
0.895 0.4886
0.896 0.4889
0.897 0.4893
0.898 0.4896
0.899 0.49
0.9 0.4904
0.901 0.4908
0.902 0.4913
0.903 0.4915
0.904 0.492
0.905 0.4922
0.906 0.4925
0.907 0.4929
0.908 0.4933
0.909 0.4936
0.91 0.494
0.911 0.4945
0.912 0.4949
0.913 0.4953
0.914 0.4957
0.915 0.4961
0.916 0.4964
0.917 0.4967
0.918 0.4971
0.919 0.4975
0.92 0.4978
0.921 0.498
0.922 0.4983
0.923 0.4987
0.924 0.4992
0.925 0.4997
0.926 0.5001
0.927 0.5005
0.928 0.5009
0.929 0.5012
0.93 0.5016
0.931 0.502
0.932 0.5023
0.933 0.5026
0.934 0.5031
0.935 0.5033
0.936 0.5036
0.937 0.5041
0.938 0.5046
0.939 0.5049
0.94 0.5053
0.941 0.5058
0.942 0.5061
0.943 0.5064
0.944 0.5067
0.945 0.5071
0.946 0.5073
0.947 0.5076
0.948 0.5081
0.949 0.5084
0.95 0.5089
0.951 0.5092
0.952 0.5095
0.953 0.5098
0.954 0.51
0.955 0.5105
0.956 0.5109
0.957 0.5111
0.958 0.5115
0.959 0.512
0.96 0.5125
0.961 0.5127
0.962 0.5131
0.963 0.5134
0.964 0.5138
0.965 0.5141
0.966 0.5143
0.967 0.5146
0.968 0.515
0.969 0.5152
0.97 0.5155
0.971 0.5158
0.972 0.5161
0.973 0.5165
0.974 0.517
0.975 0.5173
0.976 0.5176
0.977 0.5178
0.978 0.5183
0.979 0.5187
0.98 0.5191
0.981 0.5197
0.982 0.5202
0.983 0.5207
0.984 0.5212
0.985 0.5214
0.986 0.5217
0.987 0.5221
0.988 0.5224
0.989 0.5227
0.99 0.5231
0.991 0.5233
0.992 0.5236
0.993 0.5239
0.994 0.5243
0.995 0.5247
0.996 0.5249
0.997 0.5254
0.998 0.5256
0.999 0.5258
1 0.5262
1.001 0.5267
1.002 0.527
1.003 0.5273
1.004 0.5276
1.005 0.5281
1.006 0.5285
1.007 0.529
1.008 0.5293
1.009 0.5298
1.01 0.53
1.011 0.5305
1.012 0.5307
1.013 0.5312
1.014 0.5316
1.015 0.5317
1.016 0.5322
1.017 0.5326
1.018 0.5328
1.019 0.5334
1.02 0.5337
1.021 0.534
1.022 0.5342
1.023 0.5345
1.024 0.5348
1.025 0.5351
1.026 0.5355
1.027 0.5358
1.028 0.5361
1.029 0.5365
1.03 0.5367
1.031 0.5372
1.032 0.5375
1.033 0.5379
1.034 0.5383
1.035 0.5386
1.036 0.5389
1.037 0.5392
1.038 0.5393
1.039 0.5396
1.04 0.54
1.041 0.5403
1.042 0.5406
1.043 0.541
1.044 0.5412
1.045 0.5415
1.046 0.5418
1.047 0.5421
1.048 0.5425
1.049 0.5429
1.05 0.5431
1.051 0.5435
1.052 0.5441
1.053 0.5444
1.054 0.5448
1.055 0.5451
1.056 0.5454
1.057 0.5458
1.058 0.5462
1.059 0.5464
1.06 0.5466
1.061 0.547
1.062 0.5474
1.063 0.5477
1.064 0.548
1.065 0.5485
1.066 0.5487
1.067 0.5491
1.068 0.5494
1.069 0.5496
1.07 0.5502
1.071 0.5506
1.072 0.5512
1.073 0.5515
1.074 0.5518
1.075 0.5521
1.076 0.5524
1.077 0.5525
1.078 0.5527
1.079 0.553
1.08 0.5533
1.081 0.5537
1.082 0.554
1.083 0.5545
1.084 0.5548
1.085 0.5551
1.086 0.5554
1.087 0.5556
1.088 0.5558
1.089 0.5561
1.09 0.5563
1.091 0.5565
1.092 0.5568
1.093 0.5572
1.094 0.5575
1.095 0.5578
1.096 0.5581
1.097 0.5585
1.098 0.5588
1.099 0.5592
1.1 0.5596
1.101 0.5598
1.102 0.5601
1.103 0.5604
1.104 0.5606
1.105 0.561
1.106 0.5613
1.107 0.5616
1.108 0.562
1.109 0.5624
1.11 0.5627
1.111 0.5629
1.112 0.5632
1.113 0.5635
1.114 0.5639
1.115 0.5643
1.116 0.5646
1.117 0.5648
1.118 0.5651
1.119 0.5655
1.12 0.5659
1.121 0.5663
1.122 0.5666
1.123 0.5669
1.124 0.5674
1.125 0.5676
1.126 0.5679
1.127 0.5681
1.128 0.5683
1.129 0.5686
1.13 0.5689
1.131 0.5692
1.132 0.5696
1.133 0.57
1.134 0.5701
1.135 0.5704
1.136 0.5708
1.137 0.5711
1.138 0.5714
1.139 0.572
1.14 0.5723
1.141 0.5728
1.142 0.5732
1.143 0.5733
1.144 0.5736
1.145 0.574
1.146 0.5742
1.147 0.5745
1.148 0.575
1.149 0.5754
1.15 0.5756
1.151 0.5761
1.152 0.5764
1.153 0.5766
1.154 0.5769
1.155 0.5771
1.156 0.5774
1.157 0.5777
1.158 0.5779
1.159 0.5782
1.16 0.5785
1.161 0.5788
1.162 0.5791
1.163 0.5796
1.164 0.5799
1.165 0.5802
1.166 0.5803
1.167 0.5807
1.168 0.5808
1.169 0.5813
1.17 0.5816
1.171 0.5819
1.172 0.5823
1.173 0.5826
1.174 0.5828
1.175 0.5832
1.176 0.5837
1.177 0.584
1.178 0.5843
1.179 0.5846
1.18 0.5849
1.181 0.5851
1.182 0.5854
1.183 0.5857
1.184 0.5861
1.185 0.5862
1.186 0.5864
1.187 0.5868
1.188 0.5871
1.189 0.5876
1.19 0.588
1.191 0.5883
1.192 0.5885
1.193 0.5888
1.194 0.5891
1.195 0.5893
1.196 0.5895
1.197 0.5898
1.198 0.5901
1.199 0.5904
1.2 0.5908
1.201 0.591
1.202 0.5912
1.203 0.5915
1.204 0.5919
1.205 0.5922
1.206 0.5925
1.207 0.5928
1.208 0.5931
1.209 0.5933
1.21 0.5935
1.211 0.5938
1.212 0.594
1.213 0.5944
1.214 0.5946
1.215 0.5948
1.216 0.5951
1.217 0.5953
1.218 0.5956
1.219 0.5958
1.22 0.5962
1.221 0.5966
1.222 0.5969
1.223 0.5972
1.224 0.5974
1.225 0.5976
1.226 0.5979
1.227 0.5981
1.228 0.5985
1.229 0.5987
1.23 0.599
1.231 0.5993
1.232 0.5996
1.233 0.5999
1.234 0.6003
1.235 0.6006
1.236 0.6009
1.237 0.6011
1.238 0.6014
1.239 0.6015
1.24 0.6019
1.241 0.6023
1.242 0.6026
1.243 0.6028
1.244 0.603
1.245 0.6031
1.246 0.6035
1.247 0.6038
1.248 0.6039
1.249 0.6042
1.25 0.6045
1.251 0.6048
1.252 0.605
1.253 0.6053
1.254 0.6055
1.255 0.6057
1.256 0.6059
1.257 0.6061
1.258 0.6064
1.259 0.6066
1.26 0.6069
1.261 0.607
1.262 0.6073
1.263 0.6075
1.264 0.6078
1.265 0.6081
1.266 0.6083
1.267 0.6086
1.268 0.6089
1.269 0.6092
1.27 0.6095
1.271 0.6097
1.272 0.61
1.273 0.6103
1.274 0.6105
1.275 0.6106
1.276 0.6108
1.277 0.6111
1.278 0.6116
1.279 0.6118
1.28 0.612
1.281 0.6122
1.282 0.6125
1.283 0.6127
1.284 0.613
1.285 0.6133
1.286 0.6136
1.287 0.6137
1.288 0.614
1.289 0.6142
1.29 0.6144
1.291 0.6147
1.292 0.6149
1.293 0.6152
1.294 0.6156
1.295 0.6158
1.296 0.616
1.297 0.6163
1.298 0.6165
1.299 0.6168
1.3 0.6171
1.301 0.6172
1.302 0.6176
1.303 0.6177
1.304 0.618
1.305 0.6184
1.306 0.6185
1.307 0.6187
1.308 0.619
1.309 0.6192
1.31 0.6196
1.311 0.6199
1.312 0.6201
1.313 0.6204
1.314 0.6207
1.315 0.6209
1.316 0.6212
1.317 0.6216
1.318 0.6219
1.319 0.6222
1.32 0.6224
1.321 0.6226
1.322 0.6229
1.323 0.6232
1.324 0.6235
1.325 0.6237
1.326 0.624
1.327 0.6243
1.328 0.6246
1.329 0.6248
1.33 0.6251
1.331 0.6252
1.332 0.6255
1.333 0.6257
1.334 0.6259
1.335 0.626
1.336 0.6263
1.337 0.6265
1.338 0.6267
1.339 0.6269
1.34 0.6271
1.341 0.6273
1.342 0.6277
1.343 0.6279
1.344 0.6282
1.345 0.6283
1.346 0.6285
1.347 0.6286
1.348 0.6288
1.349 0.6291
1.35 0.6295
1.351 0.6295
1.352 0.6299
1.353 0.6301
1.354 0.6304
1.355 0.6306
1.356 0.6308
1.357 0.631
1.358 0.6313
1.359 0.6314
1.36 0.6317
1.361 0.6319
1.362 0.6321
1.363 0.6322
1.364 0.6326
1.365 0.6328
1.366 0.6332
1.367 0.6334
1.368 0.6338
1.369 0.634
1.37 0.6343
1.371 0.6344
1.372 0.6347
1.373 0.6349
1.374 0.6352
1.375 0.6354
1.376 0.6357
1.377 0.6359
1.378 0.636
1.379 0.6361
1.38 0.6363
1.381 0.6365
1.382 0.6367
1.383 0.6369
1.384 0.6373
1.385 0.6374
1.386 0.6378
1.387 0.638
1.388 0.6382
1.389 0.6384
1.39 0.6385
1.391 0.6387
1.392 0.6389
1.393 0.6391
1.394 0.6394
1.395 0.6397
1.396 0.6399
1.397 0.6402
1.398 0.6405
1.399 0.6407
1.4 0.6408
1.401 0.6411
1.402 0.6414
1.403 0.6416
1.404 0.6419
1.405 0.6422
1.406 0.6426
1.407 0.6429
1.408 0.6431
1.409 0.6432
1.41 0.6434
1.411 0.6439
1.412 0.6443
1.413 0.6446
1.414 0.6448
1.415 0.6452
1.416 0.6454
1.417 0.6457
1.418 0.6459
1.419 0.646
1.42 0.6464
1.421 0.6467
1.422 0.6469
1.423 0.647
1.424 0.6473
1.425 0.6475
1.426 0.6476
1.427 0.6478
1.428 0.6481
1.429 0.6484
1.43 0.6487
1.431 0.649
1.432 0.6492
1.433 0.6494
1.434 0.6495
1.435 0.6498
1.436 0.65
1.437 0.6502
1.438 0.6505
1.439 0.6508
1.44 0.6511
1.441 0.6515
1.442 0.6517
1.443 0.6521
1.444 0.6522
1.445 0.6524
1.446 0.6526
1.447 0.6528
1.448 0.653
1.449 0.6532
1.45 0.6534
1.451 0.6538
1.452 0.654
1.453 0.6543
1.454 0.6545
1.455 0.6547
1.456 0.6551
1.457 0.6554
1.458 0.6556
1.459 0.6559
1.46 0.6561
1.461 0.6564
1.462 0.6566
1.463 0.6567
1.464 0.6569
1.465 0.6571
1.466 0.6575
1.467 0.6579
1.468 0.6582
1.469 0.6584
1.47 0.6585
1.471 0.6586
1.472 0.659
1.473 0.6592
1.474 0.6594
1.475 0.6596
1.476 0.6599
1.477 0.66
1.478 0.6603
1.479 0.6606
1.48 0.6608
1.481 0.6611
1.482 0.6615
1.483 0.6616
1.484 0.6619
1.485 0.6622
1.486 0.6624
1.487 0.6625
1.488 0.6628
1.489 0.663
1.49 0.6633
1.491 0.6636
1.492 0.6638
1.493 0.6641
1.494 0.6642
1.495 0.6644
1.496 0.6646
1.497 0.6649
1.498 0.6651
1.499 0.6652
1.5 0.6654
1.501 0.6657
1.502 0.6659
1.503 0.6662
1.504 0.6665
1.505 0.6667
1.506 0.6671
1.507 0.6673
1.508 0.6676
1.509 0.6677
1.51 0.6678
1.511 0.6681
1.512 0.6682
1.513 0.6685
1.514 0.6687
1.515 0.669
1.516 0.6692
1.517 0.6695
1.518 0.6696
1.519 0.6697
1.52 0.6698
1.521 0.6701
1.522 0.6705
1.523 0.6708
1.524 0.6712
1.525 0.6714
1.526 0.6715
1.527 0.6717
1.528 0.6719
1.529 0.672
1.53 0.6722
1.531 0.6725
1.532 0.6726
1.533 0.6729
1.534 0.6732
1.535 0.6734
1.536 0.6737
1.537 0.6738
1.538 0.674
1.539 0.6744
1.54 0.6745
1.541 0.6748
1.542 0.6749
1.543 0.6751
1.544 0.6752
1.545 0.6755
1.546 0.6758
1.547 0.6759
1.548 0.6762
1.549 0.6764
1.55 0.6765
1.551 0.6767
1.552 0.6769
1.553 0.6771
1.554 0.6772
1.555 0.6776
1.556 0.6778
1.557 0.678
1.558 0.6782
1.559 0.6785
1.56 0.6787
1.561 0.679
1.562 0.6792
1.563 0.6796
1.564 0.6797
1.565 0.6801
1.566 0.6804
1.567 0.6807
1.568 0.6809
1.569 0.6813
1.57 0.6815
1.571 0.6819
1.572 0.6821
1.573 0.6824
1.574 0.6827
1.575 0.6829
1.576 0.6832
1.577 0.6834
1.578 0.6836
1.579 0.6838
1.58 0.6839
1.581 0.6841
1.582 0.6843
1.583 0.6846
1.584 0.6847
1.585 0.685
1.586 0.6852
1.587 0.6854
1.588 0.6857
1.589 0.6859
1.59 0.6861
1.591 0.6862
1.592 0.6863
1.593 0.6866
1.594 0.6868
1.595 0.687
1.596 0.6871
1.597 0.6876
1.598 0.6878
1.599 0.688
1.6 0.6883
1.601 0.6884
1.602 0.6886
1.603 0.6888
1.604 0.6889
1.605 0.689
1.606 0.6893
1.607 0.6895
1.608 0.6897
1.609 0.6898
1.61 0.69
1.611 0.6902
1.612 0.6903
1.613 0.6906
1.614 0.691
1.615 0.6912
1.616 0.6914
1.617 0.6915
1.618 0.6917
1.619 0.692
1.62 0.6922
1.621 0.6924
1.622 0.6927
1.623 0.6928
1.624 0.693
1.625 0.6932
1.626 0.6934
1.627 0.6935
1.628 0.6938
1.629 0.694
1.63 0.6942
1.631 0.6943
1.632 0.6946
1.633 0.6949
1.634 0.6951
1.635 0.6953
1.636 0.6955
1.637 0.6956
1.638 0.696
1.639 0.6962
1.64 0.6963
1.641 0.6966
1.642 0.6968
1.643 0.697
1.644 0.6972
1.645 0.6974
1.646 0.6976
1.647 0.6977
1.648 0.6979
1.649 0.6981
1.65 0.6983
1.651 0.6984
1.652 0.6986
1.653 0.6988
1.654 0.699
1.655 0.6993
1.656 0.6996
1.657 0.6998
1.658 0.7
1.659 0.7002
1.66 0.7003
1.661 0.7005
1.662 0.7007
1.663 0.7009
1.664 0.7011
1.665 0.7014
1.666 0.7015
1.667 0.7017
1.668 0.702
1.669 0.7021
1.67 0.7024
1.671 0.7026
1.672 0.7029
1.673 0.7032
1.674 0.7035
1.675 0.7037
1.676 0.704
1.677 0.7041
1.678 0.7044
1.679 0.7048
1.68 0.7049
1.681 0.7052
1.682 0.7053
1.683 0.7055
1.684 0.7056
1.685 0.7059
1.686 0.7061
1.687 0.7064
1.688 0.7066
1.689 0.7068
1.69 0.707
1.691 0.7072
1.692 0.7074
1.693 0.7076
1.694 0.7077
1.695 0.708
1.696 0.7081
1.697 0.7084
1.698 0.7086
1.699 0.7089
1.7 0.7091
1.701 0.7092
1.702 0.7093
1.703 0.7095
1.704 0.7099
1.705 0.7103
1.706 0.7106
1.707 0.7107
1.708 0.711
1.709 0.711
1.71 0.7112
1.711 0.7114
1.712 0.7117
1.713 0.7119
1.714 0.7121
1.715 0.7123
1.716 0.7126
1.717 0.7127
1.718 0.7129
1.719 0.713
1.72 0.7135
1.721 0.7137
1.722 0.7139
1.723 0.7141
1.724 0.7143
1.725 0.7143
1.726 0.7146
1.727 0.7147
1.728 0.7149
1.729 0.7151
1.73 0.7153
1.731 0.7156
1.732 0.7157
1.733 0.7159
1.734 0.716
1.735 0.7162
1.736 0.7165
1.737 0.7167
1.738 0.7169
1.739 0.7171
1.74 0.7174
1.741 0.7177
1.742 0.7178
1.743 0.7179
1.744 0.7182
1.745 0.7184
1.746 0.7186
1.747 0.7188
1.748 0.719
1.749 0.7191
1.75 0.7192
1.751 0.7196
1.752 0.7197
1.753 0.7199
1.754 0.7201
1.755 0.7203
1.756 0.7205
1.757 0.7207
1.758 0.7208
1.759 0.721
1.76 0.7211
1.761 0.7212
1.762 0.7215
1.763 0.7217
1.764 0.7219
1.765 0.7221
1.766 0.7223
1.767 0.7225
1.768 0.7226
1.769 0.7227
1.77 0.723
1.771 0.7231
1.772 0.7232
1.773 0.7234
1.774 0.7235
1.775 0.7237
1.776 0.7238
1.777 0.724
1.778 0.7242
1.779 0.7243
1.78 0.7245
1.781 0.7247
1.782 0.7249
1.783 0.7251
1.784 0.7253
1.785 0.7256
1.786 0.7259
1.787 0.7261
1.788 0.7264
1.789 0.7265
1.79 0.7267
1.791 0.7269
1.792 0.7272
1.793 0.7273
1.794 0.7275
1.795 0.7277
1.796 0.7279
1.797 0.7281
1.798 0.7282
1.799 0.7284
1.8 0.7286
1.801 0.7288
1.802 0.729
1.803 0.7292
1.804 0.7294
1.805 0.7297
1.806 0.7301
1.807 0.7303
1.808 0.7304
1.809 0.7307
1.81 0.7309
1.811 0.7311
1.812 0.7313
1.813 0.7316
1.814 0.7318
1.815 0.732
1.816 0.7323
1.817 0.7325
1.818 0.7328
1.819 0.7329
1.82 0.7331
1.821 0.7333
1.822 0.7335
1.823 0.7339
1.824 0.7342
1.825 0.7344
1.826 0.7345
1.827 0.7347
1.828 0.7348
1.829 0.7351
1.83 0.7352
1.831 0.7354
1.832 0.7355
1.833 0.7357
1.834 0.736
1.835 0.7362
1.836 0.7364
1.837 0.7365
1.838 0.7367
1.839 0.7368
1.84 0.7371
1.841 0.7372
1.842 0.7374
1.843 0.7376
1.844 0.7377
1.845 0.738
1.846 0.7383
1.847 0.7385
1.848 0.7386
1.849 0.7388
1.85 0.7391
1.851 0.7393
1.852 0.7394
1.853 0.7396
1.854 0.7399
1.855 0.74
1.856 0.7403
1.857 0.7404
1.858 0.7405
1.859 0.7407
1.86 0.7409
1.861 0.741
1.862 0.7412
1.863 0.7413
1.864 0.7415
1.865 0.7416
1.866 0.7417
1.867 0.7419
1.868 0.7421
1.869 0.7422
1.87 0.7425
1.871 0.7426
1.872 0.7428
1.873 0.7429
1.874 0.7431
1.875 0.7432
1.876 0.7433
1.877 0.7435
1.878 0.7436
1.879 0.7438
1.88 0.744
1.881 0.7441
1.882 0.7443
1.883 0.7445
1.884 0.7446
1.885 0.7447
1.886 0.7449
1.887 0.7449
1.888 0.7452
1.889 0.7453
1.89 0.7455
1.891 0.7457
1.892 0.7459
1.893 0.7461
1.894 0.7463
1.895 0.7465
1.896 0.7467
1.897 0.7468
1.898 0.747
1.899 0.7472
1.9 0.7474
1.901 0.7474
1.902 0.7476
1.903 0.7478
1.904 0.748
1.905 0.7482
1.906 0.7483
1.907 0.7486
1.908 0.7487
1.909 0.749
1.91 0.7491
1.911 0.7495
1.912 0.7497
1.913 0.7499
1.914 0.7501
1.915 0.7502
1.916 0.7504
1.917 0.7507
1.918 0.7508
1.919 0.751
1.92 0.7512
1.921 0.7514
1.922 0.7514
1.923 0.7515
1.924 0.7518
1.925 0.7519
1.926 0.7521
1.927 0.7522
1.928 0.7523
1.929 0.7526
1.93 0.7528
1.931 0.753
1.932 0.7531
1.933 0.7533
1.934 0.7535
1.935 0.7537
1.936 0.754
1.937 0.7542
1.938 0.7544
1.939 0.7545
1.94 0.7547
1.941 0.7548
1.942 0.755
1.943 0.7553
1.944 0.7555
1.945 0.7556
1.946 0.7558
1.947 0.7559
1.948 0.7562
1.949 0.7564
1.95 0.7566
1.951 0.7568
1.952 0.7569
1.953 0.7571
1.954 0.7573
1.955 0.7575
1.956 0.7577
1.957 0.7579
1.958 0.7581
1.959 0.7582
1.96 0.7584
1.961 0.7585
1.962 0.7586
1.963 0.7588
1.964 0.7589
1.965 0.7591
1.966 0.7593
1.967 0.7595
1.968 0.7597
1.969 0.7599
1.97 0.7601
1.971 0.7603
1.972 0.7604
1.973 0.7607
1.974 0.7608
1.975 0.761
1.976 0.7613
1.977 0.7615
1.978 0.7616
1.979 0.7618
1.98 0.7619
1.981 0.7622
1.982 0.7623
1.983 0.7625
1.984 0.7625
1.985 0.7627
1.986 0.7628
1.987 0.763
1.988 0.7631
1.989 0.7634
1.99 0.7635
1.991 0.7637
1.992 0.7639
1.993 0.7641
1.994 0.7643
1.995 0.7645
1.996 0.7646
1.997 0.7647
1.998 0.7649
1.999 0.7651
2 0.7653
2.001 0.7654
2.002 0.7656
2.003 0.7658
2.004 0.7659
2.005 0.7661
2.006 0.7663
2.007 0.7665
2.008 0.7666
2.009 0.7668
2.01 0.767
2.011 0.7672
2.012 0.7673
2.013 0.7674
2.014 0.7677
2.015 0.7679
2.016 0.7681
2.017 0.7682
2.018 0.7684
2.019 0.7687
2.02 0.7688
2.021 0.769
2.022 0.7692
2.023 0.7693
2.024 0.7695
2.025 0.7697
2.026 0.7699
2.027 0.77
2.028 0.7701
2.029 0.7702
2.03 0.7704
2.031 0.7705
2.032 0.7707
2.033 0.7709
2.034 0.7711
2.035 0.7712
2.036 0.7714
2.037 0.7716
2.038 0.7717
2.039 0.7718
2.04 0.772
2.041 0.7721
2.042 0.7724
2.043 0.7727
2.044 0.7728
2.045 0.7731
2.046 0.7732
2.047 0.7733
2.048 0.7735
2.049 0.7736
2.05 0.7738
2.051 0.774
2.052 0.7741
2.053 0.7741
2.054 0.7742
2.055 0.7743
2.056 0.7744
2.057 0.7744
2.058 0.7745
2.059 0.7748
2.06 0.7749
2.061 0.775
2.062 0.7752
2.063 0.7754
2.064 0.7756
2.065 0.7758
2.066 0.7759
2.067 0.776
2.068 0.7762
2.069 0.7764
2.07 0.7766
2.071 0.7767
2.072 0.7768
2.073 0.777
2.074 0.7771
2.075 0.7773
2.076 0.7776
2.077 0.7777
2.078 0.7779
2.079 0.778
2.08 0.7781
2.081 0.7782
2.082 0.7783
2.083 0.7786
2.084 0.7786
2.085 0.7788
2.086 0.7789
2.087 0.7791
2.088 0.7792
2.089 0.7794
2.09 0.7795
2.091 0.7798
2.092 0.78
2.093 0.7801
2.094 0.7803
2.095 0.7804
2.096 0.7805
2.097 0.7806
2.098 0.7807
2.099 0.7809
2.1 0.781
2.101 0.7813
2.102 0.7814
2.103 0.7815
2.104 0.7817
2.105 0.7818
2.106 0.7818
2.107 0.7821
2.108 0.7823
2.109 0.7824
2.11 0.7825
2.111 0.7827
2.112 0.7829
2.113 0.7831
2.114 0.7833
2.115 0.7834
2.116 0.7836
2.117 0.7837
2.118 0.7838
2.119 0.7839
2.12 0.784
2.121 0.7841
2.122 0.7842
2.123 0.7844
2.124 0.7845
2.125 0.7847
2.126 0.7848
2.127 0.7849
2.128 0.785
2.129 0.7851
2.13 0.7853
2.131 0.7853
2.132 0.7856
2.133 0.7859
2.134 0.7859
2.135 0.7861
2.136 0.7861
2.137 0.7863
2.138 0.7865
2.139 0.7865
2.14 0.7867
2.141 0.7868
2.142 0.7869
2.143 0.7872
2.144 0.7874
2.145 0.7874
2.146 0.7876
2.147 0.7877
2.148 0.7879
2.149 0.7881
2.15 0.7883
2.151 0.7884
2.152 0.7887
2.153 0.7888
2.154 0.7888
2.155 0.789
2.156 0.7891
2.157 0.7893
2.158 0.7894
2.159 0.7895
2.16 0.7897
2.161 0.7899
2.162 0.7901
2.163 0.7902
2.164 0.7905
2.165 0.7906
2.166 0.7907
2.167 0.7907
2.168 0.7909
2.169 0.791
2.17 0.7913
2.171 0.7915
2.172 0.7917
2.173 0.7919
2.174 0.792
2.175 0.7923
2.176 0.7926
2.177 0.7927
2.178 0.7928
2.179 0.7929
2.18 0.7931
2.181 0.7932
2.182 0.7934
2.183 0.7934
2.184 0.7935
2.185 0.7936
2.186 0.7938
2.187 0.794
2.188 0.7942
2.189 0.7943
2.19 0.7944
2.191 0.7946
2.192 0.7948
2.193 0.7949
2.194 0.795
2.195 0.7951
2.196 0.7953
2.197 0.7954
2.198 0.7955
2.199 0.7956
2.2 0.7958
2.201 0.796
2.202 0.7962
2.203 0.7964
2.204 0.7966
2.205 0.7967
2.206 0.7968
2.207 0.797
2.208 0.7972
2.209 0.7972
2.21 0.7974
2.212 0.7975
2.213 0.7976
2.214 0.7977
2.215 0.7978
2.216 0.798
2.217 0.7983
2.218 0.7984
2.219 0.7986
2.22 0.7987
2.221 0.7989
2.222 0.799
2.223 0.7991
2.224 0.7993
2.225 0.7995
2.226 0.7996
2.227 0.7998
2.228 0.7999
2.229 0.8001
2.23 0.8002
2.231 0.8003
2.232 0.8004
2.233 0.8006
2.234 0.8008
2.235 0.801
2.236 0.8011
2.237 0.8012
2.238 0.8013
2.239 0.8014
2.24 0.8015
2.241 0.8017
2.242 0.8018
2.243 0.8019
2.244 0.802
2.245 0.8021
2.246 0.8022
2.247 0.8024
2.248 0.8024
2.249 0.8026
2.25 0.8027
2.251 0.8028
2.252 0.803
2.253 0.8031
2.254 0.8033
2.255 0.8034
2.256 0.8035
2.257 0.8037
2.258 0.8039
2.259 0.804
2.26 0.8041
2.261 0.8043
2.262 0.8044
2.263 0.8046
2.264 0.8047
2.265 0.8047
2.266 0.8049
2.267 0.805
2.268 0.8051
2.269 0.8052
2.27 0.8053
2.271 0.8053
2.272 0.8055
2.273 0.8056
2.274 0.8058
2.275 0.8059
2.276 0.8061
2.277 0.8062
2.278 0.8063
2.279 0.8064
2.28 0.8065
2.281 0.8066
2.282 0.8068
2.283 0.8069
2.284 0.807
2.285 0.807
2.286 0.8072
2.287 0.8074
2.288 0.8075
2.289 0.8076
2.29 0.8078
2.291 0.8079
2.292 0.8081
2.293 0.8082
2.294 0.8083
2.295 0.8085
2.296 0.8085
2.297 0.8086
2.298 0.8087
2.299 0.8087
2.3 0.8089
2.301 0.809
2.302 0.809
2.303 0.8091
2.304 0.8093
2.305 0.8093
2.306 0.8095
2.307 0.8097
2.308 0.8098
2.309 0.8099
2.31 0.81
2.311 0.8101
2.312 0.8103
2.313 0.8103
2.314 0.8104
2.315 0.8106
2.316 0.8107
2.317 0.8108
2.318 0.8109
2.319 0.811
2.32 0.8111
2.321 0.8113
2.322 0.8115
2.323 0.8116
2.324 0.8119
2.325 0.812
2.326 0.8122
2.327 0.8124
2.328 0.8126
2.329 0.8127
2.33 0.8127
2.331 0.8129
2.332 0.8131
2.333 0.8133
2.334 0.8134
2.335 0.8135
2.336 0.8136
2.337 0.8138
2.338 0.8139
2.339 0.814
2.34 0.8141
2.341 0.8141
2.342 0.8142
2.343 0.8144
2.344 0.8146
2.345 0.8147
2.346 0.8149
2.347 0.815
2.348 0.8151
2.349 0.8153
2.35 0.8153
2.351 0.8154
2.352 0.8155
2.353 0.8156
2.354 0.8158
2.355 0.8158
2.356 0.8159
2.357 0.8161
2.358 0.8162
2.359 0.8163
2.36 0.8165
2.361 0.8167
2.362 0.8168
2.363 0.8169
2.364 0.817
2.365 0.8172
2.366 0.8174
2.367 0.8175
2.368 0.8177
2.369 0.8178
2.37 0.8179
2.371 0.8181
2.372 0.8181
2.373 0.8182
2.374 0.8184
2.375 0.8184
2.376 0.8186
2.377 0.8187
2.378 0.8188
2.379 0.819
2.38 0.8191
2.381 0.8192
2.382 0.8193
2.383 0.8195
2.384 0.8196
2.385 0.8198
2.386 0.82
2.387 0.8201
2.388 0.8201
2.389 0.8201
2.39 0.8203
2.391 0.8204
2.392 0.8206
2.393 0.8207
2.394 0.8208
2.395 0.8209
2.396 0.821
2.397 0.8212
2.398 0.8213
2.399 0.8214
2.4 0.8215
2.401 0.8215
2.402 0.8216
2.403 0.8218
2.404 0.822
2.405 0.8221
2.406 0.8222
2.407 0.8223
2.408 0.8224
2.409 0.8225
2.41 0.8225
2.411 0.8226
2.412 0.8227
2.413 0.8229
2.414 0.8231
2.415 0.8233
2.416 0.8234
2.417 0.8236
2.418 0.8236
2.419 0.8237
2.42 0.8238
2.421 0.8239
2.422 0.824
2.423 0.8242
2.424 0.8242
2.425 0.8244
2.426 0.8244
2.427 0.8247
2.428 0.8248
2.429 0.8249
2.43 0.8251
2.431 0.8252
2.432 0.8252
2.433 0.8253
2.434 0.8255
2.435 0.8256
2.436 0.8258
2.437 0.8259
2.438 0.826
2.439 0.826
2.44 0.8262
2.441 0.8264
2.442 0.8265
2.443 0.8266
2.444 0.8268
2.445 0.8268
2.446 0.827
2.447 0.8271
2.448 0.8271
2.449 0.8272
2.45 0.8273
2.451 0.8274
2.452 0.8274
2.453 0.8275
2.454 0.8276
2.455 0.8277
2.456 0.8278
2.457 0.8279
2.458 0.8281
2.459 0.8282
2.46 0.8283
2.461 0.8284
2.462 0.8285
2.463 0.8286
2.464 0.8289
2.465 0.8291
2.466 0.8292
2.467 0.8293
2.468 0.8294
2.469 0.8295
2.47 0.8295
2.471 0.8296
2.472 0.8297
2.473 0.8298
2.474 0.8299
2.475 0.83
2.476 0.8301
2.477 0.8303
2.478 0.8303
2.479 0.8305
2.48 0.8307
2.481 0.8308
2.482 0.8309
2.483 0.8311
2.484 0.8311
2.485 0.8312
2.486 0.8315
2.487 0.8316
2.488 0.8318
2.489 0.8319
2.49 0.832
2.492 0.8322
2.493 0.8324
2.494 0.8326
2.495 0.8327
2.496 0.8327
2.497 0.8329
2.498 0.8331
2.499 0.8333
2.5 0.8335
2.501 0.8335
2.502 0.8336
2.503 0.8337
2.504 0.8338
2.505 0.8339
2.506 0.834
2.507 0.8343
2.508 0.8343
2.509 0.8344
2.51 0.8345
2.511 0.8346
2.512 0.8347
2.513 0.8348
2.514 0.8349
2.515 0.8351
2.516 0.8353
2.517 0.8353
2.518 0.8355
2.519 0.8356
2.52 0.8357
2.521 0.8359
2.522 0.8359
2.523 0.8361
2.524 0.8361
2.525 0.8362
2.526 0.8363
2.527 0.8363
2.528 0.8365
2.529 0.8366
2.53 0.8367
2.531 0.8367
2.532 0.8368
2.533 0.837
2.534 0.8371
2.535 0.8374
2.536 0.8375
2.537 0.8376
2.538 0.8377
2.539 0.8379
2.54 0.838
2.541 0.8382
2.542 0.8383
2.543 0.8386
2.544 0.8386
2.545 0.8387
2.546 0.8388
2.547 0.8389
2.548 0.839
2.549 0.8392
2.55 0.8393
2.552 0.8395
2.553 0.8396
2.554 0.8398
2.555 0.8399
2.556 0.8401
2.557 0.8401
2.558 0.8403
2.559 0.8404
2.56 0.8405
2.561 0.8406
2.562 0.8408
2.563 0.841
2.564 0.841
2.565 0.8411
2.566 0.8412
2.567 0.8412
2.568 0.8413
2.569 0.8413
2.57 0.8414
2.571 0.8415
2.572 0.8416
2.573 0.8417
2.574 0.8418
2.575 0.8418
2.576 0.842
2.577 0.842
2.578 0.842
2.579 0.8421
2.58 0.8422
2.581 0.8424
2.582 0.8424
2.583 0.8425
2.584 0.8426
2.585 0.8428
2.586 0.8429
2.587 0.843
2.588 0.8431
2.589 0.8432
2.59 0.8433
2.591 0.8434
2.592 0.8435
2.593 0.8436
2.594 0.8437
2.595 0.8438
2.596 0.844
2.597 0.8441
2.598 0.8443
2.599 0.8444
2.6 0.8445
2.601 0.8446
2.602 0.8449
2.603 0.8449
2.604 0.845
2.605 0.8451
2.606 0.8453
2.607 0.8454
2.608 0.8455
2.609 0.8456
2.61 0.8457
2.611 0.8459
2.612 0.8459
2.613 0.846
2.614 0.8461
2.615 0.8462
2.616 0.8462
2.617 0.8464
2.618 0.8464
2.619 0.8465
2.62 0.8466
2.621 0.8467
2.622 0.8467
2.623 0.8469
2.624 0.8469
2.625 0.8471
2.626 0.8471
2.627 0.8472
2.628 0.8474
2.629 0.8475
2.63 0.8476
2.631 0.8476
2.632 0.8477
2.633 0.8478
2.634 0.8479
2.635 0.8479
2.636 0.8479
2.637 0.848
2.638 0.8481
2.639 0.8482
2.64 0.8483
2.641 0.8484
2.642 0.8486
2.643 0.8486
2.644 0.8487
2.645 0.8488
2.646 0.8488
2.647 0.849
2.648 0.8491
2.649 0.8491
2.65 0.8492
2.651 0.8492
2.652 0.8493
2.653 0.8494
2.654 0.8496
2.655 0.8497
2.656 0.8498
2.657 0.85
2.658 0.8501
2.659 0.8502
2.66 0.8502
2.661 0.8504
2.662 0.8504
2.663 0.8505
2.664 0.8507
2.665 0.8508
2.666 0.8508
2.667 0.8509
2.668 0.851
2.669 0.8511
2.67 0.8511
2.672 0.8512
2.673 0.8513
2.674 0.8514
2.676 0.8515
2.677 0.8517
2.678 0.8518
2.679 0.852
2.68 0.8521
2.681 0.8522
2.682 0.8523
2.683 0.8524
2.684 0.8526
2.685 0.8526
2.686 0.8526
2.687 0.8527
2.688 0.8528
2.689 0.8529
2.69 0.853
2.691 0.8531
2.692 0.8532
2.693 0.8533
2.694 0.8535
2.695 0.8537
2.696 0.8538
2.697 0.8538
2.698 0.8539
2.699 0.854
2.7 0.8541
2.701 0.8542
2.702 0.8542
2.703 0.8543
2.704 0.8544
2.705 0.8545
2.706 0.8545
2.707 0.8546
2.708 0.8547
2.709 0.8548
2.71 0.8549
2.711 0.855
2.712 0.8551
2.713 0.8552
2.714 0.8553
2.715 0.8553
2.716 0.8555
2.717 0.8557
2.718 0.8558
2.719 0.8559
2.72 0.856
2.721 0.8562
2.722 0.8563
2.723 0.8565
2.724 0.8566
2.725 0.8567
2.726 0.8568
2.727 0.857
2.728 0.857
2.729 0.8572
2.73 0.8573
2.731 0.8574
2.732 0.8574
2.733 0.8575
2.734 0.8576
2.735 0.8577
2.736 0.8577
2.737 0.8579
2.738 0.8579
2.739 0.858
2.74 0.8581
2.741 0.8583
2.742 0.8584
2.743 0.8585
2.744 0.8587
2.745 0.8588
2.746 0.8589
2.747 0.859
2.748 0.859
2.749 0.8591
2.75 0.8592
2.751 0.8593
2.752 0.8594
2.754 0.8594
2.755 0.8595
2.756 0.8596
2.757 0.8597
2.758 0.8598
2.759 0.86
2.76 0.86
2.761 0.8602
2.762 0.8603
2.763 0.8604
2.764 0.8606
2.765 0.8607
2.766 0.8609
2.767 0.8609
2.768 0.8611
2.769 0.8611
2.77 0.8612
2.771 0.8613
2.772 0.8614
2.773 0.8614
2.774 0.8616
2.775 0.8617
2.776 0.8618
2.777 0.8618
2.778 0.8619
2.779 0.8619
2.78 0.862
2.781 0.8622
2.782 0.8623
2.783 0.8624
2.784 0.8625
2.785 0.8626
2.786 0.8626
2.787 0.8627
2.788 0.8628
2.789 0.8628
2.79 0.8629
2.791 0.8631
2.792 0.8631
2.793 0.8633
2.794 0.8634
2.795 0.8635
2.796 0.8635
2.797 0.8637
2.798 0.8638
2.799 0.8639
2.8 0.864
2.801 0.864
2.802 0.8641
2.803 0.8642
2.804 0.8642
2.805 0.8643
2.806 0.8645
2.807 0.8645
2.808 0.8646
2.809 0.8646
2.81 0.8647
2.811 0.8649
2.812 0.865
2.813 0.8651
2.814 0.8652
2.815 0.8652
2.816 0.8653
2.817 0.8653
2.818 0.8654
2.819 0.8655
2.82 0.8656
2.821 0.8656
2.822 0.8658
2.823 0.8658
2.824 0.8659
2.825 0.8659
2.826 0.8659
2.827 0.866
2.828 0.8662
2.829 0.8664
2.83 0.8665
2.831 0.8666
2.832 0.8666
2.833 0.8667
2.834 0.8668
2.835 0.867
2.836 0.8671
2.837 0.8673
2.838 0.8673
2.839 0.8674
2.84 0.8675
2.841 0.8676
2.842 0.8677
2.843 0.8677
2.844 0.8678
2.845 0.8678
2.846 0.8679
2.847 0.8681
2.848 0.8681
2.849 0.8681
2.85 0.8682
2.852 0.8684
2.853 0.8685
2.854 0.8685
2.855 0.8686
2.856 0.8686
2.857 0.8688
2.858 0.8689
2.859 0.869
2.86 0.869
2.861 0.8692
2.862 0.8693
2.863 0.8693
2.864 0.8695
2.865 0.8695
2.866 0.8696
2.867 0.8697
2.868 0.8698
2.869 0.8699
2.87 0.87
2.871 0.87
2.872 0.8701
2.873 0.8702
2.874 0.8702
2.875 0.8703
2.876 0.8705
2.877 0.8706
2.878 0.8706
2.879 0.8708
2.88 0.8709
2.881 0.871
2.882 0.8711
2.883 0.8712
2.884 0.8712
2.885 0.8714
2.886 0.8716
2.887 0.8716
2.888 0.8717
2.889 0.8718
2.89 0.8719
2.891 0.8719
2.892 0.872
2.893 0.872
2.894 0.8721
2.895 0.8723
2.896 0.8724
2.897 0.8725
2.898 0.8726
2.899 0.8727
2.9 0.8728
2.901 0.8729
2.902 0.8731
2.903 0.8732
2.904 0.8733
2.905 0.8733
2.906 0.8734
2.907 0.8735
2.908 0.8735
2.909 0.8736
2.91 0.8737
2.911 0.8738
2.912 0.874
2.913 0.8742
2.914 0.8743
2.915 0.8744
2.916 0.8744
2.917 0.8745
2.918 0.8746
2.919 0.8747
2.92 0.8747
2.921 0.8749
2.922 0.875
2.923 0.875
2.924 0.8751
2.925 0.8752
2.926 0.8754
2.927 0.8755
2.928 0.8756
2.929 0.8757
2.93 0.8758
2.931 0.8759
2.932 0.8761
2.933 0.8761
2.934 0.8762
2.935 0.8762
2.936 0.8763
2.937 0.8765
2.938 0.8765
2.939 0.8766
2.94 0.8767
2.941 0.8767
2.942 0.8768
2.943 0.8769
2.944 0.8769
2.945 0.877
2.946 0.877
2.947 0.8771
2.948 0.8771
2.949 0.8772
2.95 0.8773
2.951 0.8773
2.952 0.8775
2.953 0.8776
2.954 0.8777
2.955 0.8779
2.956 0.8779
2.957 0.8781
2.958 0.8783
2.959 0.8783
2.96 0.8784
2.961 0.8785
2.962 0.8785
2.963 0.8786
2.964 0.8788
2.965 0.879
2.966 0.8792
2.967 0.8792
2.968 0.8793
2.969 0.8794
2.97 0.8794
2.971 0.8795
2.972 0.8796
2.973 0.8797
2.974 0.8798
2.975 0.8799
2.976 0.8799
2.977 0.88
2.978 0.8801
2.979 0.8801
2.98 0.8803
2.981 0.8803
2.982 0.8803
2.983 0.8804
2.984 0.8806
2.985 0.8807
2.986 0.8808
2.987 0.8809
2.988 0.8811
2.989 0.8812
2.99 0.8813
2.991 0.8813
2.992 0.8813
2.993 0.8814
2.994 0.8815
2.995 0.8816
2.996 0.8817
2.997 0.8817
2.998 0.8818
2.999 0.8818
3 0.8819
3.001 0.882
3.002 0.8821
3.003 0.8821
3.004 0.8822
3.005 0.8823
3.006 0.8823
3.007 0.8824
3.008 0.8825
3.009 0.8826
3.011 0.8826
3.012 0.8827
3.013 0.8828
3.014 0.8828
3.015 0.8829
3.016 0.8829
3.017 0.883
3.018 0.8831
3.019 0.8832
3.02 0.8832
3.021 0.8833
3.022 0.8833
3.023 0.8836
3.024 0.8837
3.025 0.8837
3.026 0.8838
3.027 0.884
3.028 0.8842
3.029 0.8843
3.03 0.8844
3.031 0.8844
3.032 0.8845
3.033 0.8845
3.034 0.8846
3.035 0.8847
3.036 0.8848
3.037 0.8849
3.038 0.8849
3.04 0.8849
3.041 0.885
3.042 0.885
3.043 0.8851
3.044 0.8851
3.045 0.8852
3.046 0.8853
3.047 0.8853
3.048 0.8854
3.049 0.8855
3.05 0.8856
3.051 0.8856
3.052 0.8856
3.053 0.8857
3.054 0.8858
3.055 0.8858
3.056 0.8859
3.057 0.8859
3.058 0.8861
3.059 0.8862
3.06 0.8862
3.061 0.8863
3.062 0.8865
3.063 0.8865
3.064 0.8867
3.065 0.8867
3.066 0.8869
3.067 0.887
3.068 0.8871
3.069 0.8872
3.07 0.8872
3.071 0.8873
3.072 0.8874
3.073 0.8875
3.074 0.8875
3.075 0.8876
3.076 0.8877
3.077 0.8878
3.078 0.8878
3.079 0.8879
3.08 0.888
3.081 0.8881
3.082 0.8881
3.083 0.8883
3.084 0.8883
3.085 0.8884
3.086 0.8885
3.087 0.8886
3.088 0.8887
3.089 0.8887
3.09 0.8888
3.091 0.8889
3.092 0.889
3.093 0.889
3.094 0.889
3.095 0.8891
3.097 0.8893
3.098 0.8893
3.099 0.8894
3.1 0.8894
3.101 0.8895
3.102 0.8897
3.103 0.8897
3.105 0.8898
3.106 0.8899
3.107 0.8899
3.108 0.89
3.109 0.8901
3.11 0.8902
3.111 0.8902
3.112 0.8904
3.113 0.8905
3.114 0.8906
3.115 0.8906
3.116 0.8907
3.117 0.8907
3.118 0.8908
3.119 0.891
3.12 0.8911
3.121 0.8911
3.122 0.8912
3.123 0.8913
3.124 0.8914
3.125 0.8915
3.126 0.8915
3.127 0.8917
3.128 0.8918
3.129 0.8918
3.13 0.8919
3.131 0.892
3.132 0.8922
3.133 0.8922
3.134 0.8923
3.135 0.8923
3.136 0.8923
3.137 0.8924
3.138 0.8924
3.139 0.8924
3.14 0.8925
3.141 0.8926
3.143 0.8927
3.144 0.8927
3.145 0.8928
3.146 0.8928
3.147 0.8929
3.148 0.893
3.149 0.893
3.15 0.893
3.151 0.8931
3.152 0.8932
3.153 0.8932
3.154 0.8933
3.155 0.8934
3.156 0.8936
3.157 0.8937
3.158 0.8937
3.159 0.8939
3.16 0.8939
3.161 0.894
3.162 0.894
3.163 0.8942
3.164 0.8942
3.165 0.8943
3.166 0.8944
3.167 0.8944
3.168 0.8945
3.169 0.8947
3.17 0.8947
3.171 0.8947
3.172 0.8948
3.173 0.8949
3.174 0.8949
3.175 0.895
3.176 0.8951
3.177 0.8951
3.18 0.8951
3.181 0.8953
3.183 0.8954
3.184 0.8955
3.185 0.8955
3.186 0.8956
3.188 0.8958
3.189 0.8958
3.19 0.8958
3.191 0.8959
3.192 0.8959
3.193 0.896
3.194 0.8961
3.195 0.8961
3.196 0.8962
3.197 0.8963
3.198 0.8964
3.199 0.8965
3.2 0.8965
3.201 0.8965
3.202 0.8966
3.204 0.8966
3.205 0.8967
3.206 0.8968
3.207 0.8969
3.208 0.8969
3.209 0.897
3.21 0.8971
3.211 0.8972
3.212 0.8973
3.213 0.8974
3.214 0.8975
3.215 0.8976
3.216 0.8977
3.217 0.8978
3.218 0.8979
3.219 0.898
3.22 0.898
3.221 0.8981
3.222 0.8981
3.223 0.8982
3.224 0.8982
3.225 0.8983
3.226 0.8983
3.227 0.8984
3.228 0.8984
3.229 0.8985
3.23 0.8986
3.231 0.8986
3.232 0.8987
3.234 0.8988
3.235 0.8988
3.236 0.8989
3.237 0.8989
3.238 0.8991
3.239 0.8993
3.24 0.8994
3.241 0.8994
3.242 0.8995
3.243 0.8995
3.244 0.8996
3.245 0.8997
3.246 0.8998
3.247 0.8999
3.248 0.8999
3.249 0.9
3.25 0.9
3.251 0.9
3.252 0.9001
3.254 0.9002
3.255 0.9002
3.257 0.9003
3.258 0.9004
3.259 0.9005
3.26 0.9006
3.261 0.9007
3.262 0.9008
3.263 0.9009
3.264 0.9009
3.266 0.901
3.267 0.901
3.268 0.9011
3.269 0.9012
3.271 0.9013
3.272 0.9013
3.273 0.9013
3.274 0.9014
3.276 0.9015
3.277 0.9015
3.278 0.9015
3.279 0.9016
3.28 0.9016
3.281 0.9017
3.282 0.9018
3.283 0.9018
3.284 0.9019
3.285 0.902
3.286 0.9021
3.287 0.9021
3.288 0.9021
3.289 0.9022
3.29 0.9022
3.291 0.9024
3.293 0.9024
3.294 0.9025
3.295 0.9025
3.296 0.9026
3.297 0.9027
3.298 0.9027
3.299 0.9028
3.3 0.9029
3.301 0.9029
3.302 0.903
3.303 0.9031
3.304 0.9031
3.305 0.9032
3.306 0.9033
3.307 0.9033
3.308 0.9034
3.309 0.9035
3.31 0.9035
3.311 0.9035
3.312 0.9036
3.313 0.9037
3.314 0.9037
3.315 0.9037
3.317 0.9037
3.318 0.9038
3.319 0.9038
3.32 0.9039
3.321 0.904
3.322 0.904
3.323 0.9041
3.324 0.9041
3.325 0.9042
3.326 0.9042
3.327 0.9043
3.328 0.9044
3.329 0.9044
3.33 0.9044
3.331 0.9045
3.332 0.9046
3.333 0.9047
3.334 0.9048
3.335 0.9048
3.336 0.9049
3.337 0.905
3.338 0.905
3.339 0.9051
3.34 0.9051
3.341 0.9052
3.342 0.9053
3.343 0.9054
3.344 0.9054
3.345 0.9055
3.347 0.9055
3.348 0.9056
3.349 0.9056
3.35 0.9057
3.352 0.9058
3.353 0.9059
3.354 0.906
3.355 0.9061
3.357 0.9062
3.358 0.9063
3.359 0.9064
3.36 0.9064
3.361 0.9066
3.362 0.9066
3.363 0.9068
3.364 0.9068
3.365 0.9069
3.366 0.9069
3.367 0.907
3.369 0.9071
3.37 0.9071
3.371 0.9072
3.372 0.9072
3.373 0.9073
3.374 0.9074
3.375 0.9074
3.376 0.9075
3.377 0.9076
3.378 0.9076
3.379 0.9077
3.38 0.9079
3.381 0.9079
3.382 0.908
3.383 0.908
3.384 0.9081
3.385 0.9082
3.387 0.9083
3.389 0.9084
3.39 0.9084
3.391 0.9085
3.392 0.9085
3.393 0.9086
3.394 0.9086
3.395 0.9087
3.396 0.9087
3.397 0.9088
3.398 0.9088
3.399 0.9089
3.401 0.9089
3.402 0.9091
3.403 0.9091
3.404 0.9092
3.405 0.9092
3.406 0.9093
3.407 0.9093
3.408 0.9094
3.409 0.9094
3.41 0.9095
3.411 0.9095
3.413 0.9096
3.414 0.9097
3.415 0.9098
3.416 0.9099
3.417 0.9099
3.418 0.91
3.419 0.91
3.42 0.9102
3.421 0.9102
3.422 0.9103
3.423 0.9103
3.424 0.9104
3.425 0.9104
3.426 0.9104
3.427 0.9105
3.428 0.9105
3.429 0.9106
3.43 0.9106
3.431 0.9107
3.432 0.9107
3.433 0.9108
3.434 0.9108
3.435 0.9109
3.436 0.911
3.437 0.9111
3.438 0.9112
3.439 0.9112
3.44 0.9113
3.441 0.9114
3.442 0.9116
3.443 0.9117
3.444 0.9118
3.445 0.9119
3.446 0.9119
3.447 0.9119
3.448 0.912
3.449 0.912
3.45 0.912
3.451 0.9121
3.452 0.9123
3.453 0.9123
3.454 0.9124
3.455 0.9124
3.456 0.9125
3.457 0.9126
3.458 0.9126
3.459 0.9127
3.46 0.9127
3.461 0.9128
3.462 0.9128
3.463 0.9129
3.464 0.9129
3.465 0.9129
3.466 0.913
3.467 0.913
3.468 0.9131
3.469 0.9132
3.47 0.9132
3.472 0.9133
3.473 0.9134
3.474 0.9134
3.475 0.9134
3.476 0.9135
3.477 0.9136
3.478 0.9137
3.479 0.9137
3.48 0.9138
3.481 0.9139
3.482 0.914
3.483 0.9141
3.484 0.9142
3.485 0.9143
3.486 0.9143
3.487 0.9143
3.489 0.9144
3.49 0.9144
3.492 0.9145
3.495 0.9145
3.496 0.9146
3.497 0.9147
3.499 0.9147
3.5 0.9148
3.501 0.9148
3.503 0.9149
3.504 0.9149
3.505 0.9149
3.506 0.915
3.507 0.9152
3.508 0.9152
3.509 0.9152
3.51 0.9153
3.511 0.9154
3.512 0.9155
3.513 0.9155
3.516 0.9156
3.517 0.9156
3.518 0.9157
3.519 0.9158
3.52 0.9158
3.521 0.9159
3.522 0.916
3.523 0.916
3.524 0.9161
3.525 0.9161
3.526 0.9162
3.527 0.9162
3.528 0.9163
3.53 0.9164
3.531 0.9165
3.532 0.9165
3.533 0.9166
3.534 0.9166
3.535 0.9166
3.536 0.9167
3.537 0.9168
3.538 0.9169
3.539 0.9169
3.54 0.917
3.541 0.917
3.542 0.9171
3.543 0.9171
3.544 0.9171
3.545 0.9172
3.547 0.9172
3.548 0.9173
3.549 0.9174
3.55 0.9175
3.552 0.9176
3.553 0.9176
3.554 0.9178
3.555 0.9178
3.556 0.9179
3.557 0.9179
3.558 0.918
3.559 0.918
3.56 0.9181
3.561 0.9182
3.562 0.9183
3.563 0.9184
3.564 0.9184
3.565 0.9184
3.566 0.9184
3.567 0.9185
3.569 0.9186
3.57 0.9186
3.571 0.9187
3.572 0.9188
3.573 0.9189
3.574 0.919
3.575 0.919
3.576 0.9191
3.577 0.9191
3.578 0.9191
3.579 0.9192
3.58 0.9193
3.581 0.9193
3.582 0.9193
3.583 0.9194
3.584 0.9195
3.585 0.9195
3.586 0.9196
3.587 0.9197
3.588 0.9197
3.589 0.9198
3.59 0.9198
3.591 0.9199
3.592 0.92
3.593 0.92
3.594 0.9201
3.595 0.9201
3.596 0.9202
3.597 0.9202
3.6 0.9202
3.601 0.9203
3.602 0.9203
3.603 0.9204
3.604 0.9205
3.605 0.9205
3.606 0.9205
3.607 0.9206
3.608 0.9206
3.609 0.9207
3.611 0.9207
3.612 0.9207
3.613 0.9208
3.614 0.921
3.615 0.921
3.616 0.9211
3.618 0.9211
3.619 0.9212
3.62 0.9212
3.621 0.9213
3.622 0.9213
3.623 0.9213
3.624 0.9214
3.625 0.9214
3.626 0.9215
3.627 0.9216
3.628 0.9218
3.629 0.9219
3.63 0.9219
3.631 0.922
3.632 0.9221
3.634 0.9221
3.635 0.9221
3.636 0.9221
3.637 0.9222
3.638 0.9223
3.639 0.9223
3.64 0.9224
3.641 0.9224
3.642 0.9225
3.643 0.9226
3.644 0.9227
3.646 0.9227
3.647 0.9228
3.648 0.9229
3.65 0.9229
3.651 0.923
3.652 0.9231
3.653 0.9232
3.654 0.9232
3.655 0.9233
3.656 0.9234
3.657 0.9234
3.658 0.9235
3.659 0.9235
3.66 0.9236
3.661 0.9236
3.662 0.9236
3.663 0.9237
3.665 0.9237
3.666 0.9237
3.667 0.9238
3.668 0.9238
3.669 0.9239
3.67 0.924
3.671 0.9241
3.672 0.9243
3.673 0.9244
3.674 0.9244
3.675 0.9245
3.677 0.9245
3.678 0.9245
3.679 0.9247
3.68 0.9248
3.681 0.9248
3.684 0.9248
3.685 0.9249
3.686 0.925
3.687 0.925
3.688 0.925
3.689 0.9251
3.691 0.9252
3.693 0.9253
3.694 0.9253
3.695 0.9253
3.696 0.9254
3.698 0.9254
3.699 0.9256
3.7 0.9256
3.701 0.9256
3.702 0.9257
3.704 0.9257
3.705 0.9258
3.706 0.9258
3.707 0.9258
3.708 0.9259
3.709 0.9259
3.71 0.926
3.711 0.926
3.712 0.9261
3.713 0.9262
3.714 0.9263
3.715 0.9263
3.716 0.9264
3.717 0.9265
3.718 0.9266
3.719 0.9267
3.72 0.9267
3.721 0.9269
3.722 0.9269
3.724 0.927
3.726 0.927
3.729 0.9271
3.73 0.9271
3.731 0.9272
3.732 0.9273
3.733 0.9274
3.734 0.9274
3.735 0.9274
3.736 0.9274
3.737 0.9275
3.739 0.9275
3.74 0.9276
3.741 0.9277
3.742 0.9278
3.743 0.928
3.744 0.928
3.745 0.928
3.746 0.928
3.747 0.9281
3.748 0.9282
3.749 0.9282
3.75 0.9283
3.751 0.9283
3.752 0.9283
3.753 0.9284
3.754 0.9285
3.755 0.9285
3.757 0.9286
3.758 0.9286
3.759 0.9286
3.76 0.9287
3.761 0.9287
3.762 0.9288
3.763 0.9289
3.764 0.929
3.765 0.929
3.766 0.9291
3.767 0.9291
3.769 0.9292
3.77 0.9292
3.771 0.9292
3.772 0.9292
3.773 0.9293
3.774 0.9294
3.775 0.9294
3.776 0.9295
3.777 0.9296
3.778 0.9296
3.779 0.9297
3.78 0.9298
3.781 0.9298
3.782 0.9299
3.783 0.9299
3.785 0.9299
3.786 0.93
3.787 0.93
3.789 0.9301
3.791 0.9301
3.793 0.9302
3.794 0.9303
3.796 0.9304
3.797 0.9305
3.799 0.9305
3.8 0.9305
3.801 0.9306
3.803 0.9306
3.804 0.9307
3.805 0.9307
3.806 0.9308
3.808 0.9308
3.809 0.9308
3.81 0.9309
3.811 0.9309
3.813 0.9309
3.814 0.9309
3.816 0.931
3.817 0.931
3.818 0.931
3.819 0.9311
3.82 0.9311
3.821 0.9311
3.822 0.9312
3.823 0.9313
3.824 0.9314
3.825 0.9315
3.826 0.9316
3.827 0.9317
3.83 0.9317
3.831 0.9317
3.832 0.9318
3.834 0.9318
3.837 0.9319
3.838 0.9319
3.84 0.932
3.841 0.932
3.842 0.9321
3.843 0.9321
3.845 0.9322
3.846 0.9322
3.847 0.9323
3.848 0.9323
3.849 0.9323
3.85 0.9324
3.851 0.9325
3.852 0.9325
3.853 0.9326
3.854 0.9326
3.856 0.9326
3.857 0.9327
3.858 0.9327
3.859 0.9328
3.86 0.9329
3.861 0.933
3.862 0.933
3.863 0.9331
3.865 0.9332
3.866 0.9332
3.867 0.9333
3.868 0.9333
3.869 0.9333
3.87 0.9333
3.871 0.9334
3.872 0.9335
3.873 0.9336
3.875 0.9336
3.876 0.9337
3.877 0.9338
3.878 0.9338
3.879 0.9339
3.88 0.9339
3.881 0.934
3.882 0.934
3.883 0.9341
3.884 0.9341
3.886 0.9341
3.887 0.9342
3.888 0.9343
3.892 0.9343
3.893 0.9344
3.894 0.9344
3.895 0.9344
3.896 0.9344
3.898 0.9345
3.9 0.9345
3.901 0.9346
3.903 0.9346
3.904 0.9347
3.905 0.9347
3.906 0.9347
3.908 0.9348
3.909 0.9349
3.91 0.9349
3.911 0.935
3.912 0.935
3.914 0.9351
3.915 0.9352
3.916 0.9352
3.917 0.9352
3.918 0.9353
3.92 0.9354
3.923 0.9354
3.924 0.9354
3.925 0.9356
3.926 0.9356
3.927 0.9356
3.928 0.9357
3.929 0.9357
3.93 0.9358
3.931 0.9358
3.932 0.9359
3.933 0.9359
3.934 0.936
3.936 0.9361
3.937 0.9361
3.939 0.9361
3.94 0.9361
3.941 0.9362
3.942 0.9363
3.943 0.9364
3.945 0.9364
3.946 0.9365
3.947 0.9365
3.948 0.9365
3.952 0.9366
3.953 0.9367
3.954 0.9367
3.956 0.9368
3.958 0.9369
3.959 0.9369
3.96 0.9369
3.961 0.937
3.962 0.937
3.964 0.9371
3.965 0.9371
3.967 0.9371
3.968 0.9371
3.969 0.9372
3.971 0.9372
3.972 0.9373
3.974 0.9373
3.975 0.9374
3.976 0.9375
3.977 0.9375
3.978 0.9375
3.981 0.9375
3.982 0.9376
3.983 0.9376
3.985 0.9376
3.986 0.9377
3.988 0.9377
3.989 0.9378
3.99 0.9378
3.991 0.9379
3.992 0.9379
3.993 0.938
3.994 0.938
3.996 0.938
3.997 0.938
3.998 0.9381
4.002 0.9381
4.003 0.9382
4.005 0.9382
4.006 0.9382
4.007 0.9382
4.008 0.9383
4.009 0.9384
4.01 0.9384
4.011 0.9384
4.012 0.9385
4.014 0.9386
4.016 0.9386
4.017 0.9387
4.018 0.9388
4.019 0.9388
4.021 0.9389
4.022 0.9389
4.023 0.939
4.024 0.939
4.025 0.939
4.026 0.9391
4.027 0.9391
4.028 0.9391
4.029 0.9392
4.031 0.9392
4.032 0.9392
4.033 0.9393
4.035 0.9393
4.038 0.9393
4.039 0.9394
4.041 0.9394
4.042 0.9395
4.043 0.9395
4.044 0.9396
4.045 0.9396
4.046 0.9396
4.047 0.9396
4.048 0.9397
4.049 0.9397
4.051 0.9398
4.052 0.9398
4.053 0.9398
4.055 0.9399
4.056 0.9399
4.058 0.9399
4.059 0.94
4.06 0.9401
4.061 0.9401
4.062 0.9402
4.063 0.9402
4.064 0.9402
4.065 0.9403
4.066 0.9403
4.067 0.9403
4.069 0.9404
4.071 0.9404
4.074 0.9404
4.075 0.9405
4.077 0.9405
4.078 0.9405
4.079 0.9406
4.081 0.9406
4.082 0.9406
4.083 0.9407
4.084 0.9408
4.085 0.9408
4.087 0.9409
4.09 0.9409
4.091 0.941
4.092 0.9411
4.094 0.9412
4.095 0.9412
4.096 0.9412
4.097 0.9413
4.099 0.9413
4.1 0.9414
4.101 0.9414
4.102 0.9415
4.103 0.9415
4.104 0.9416
4.106 0.9416
4.108 0.9416
4.109 0.9417
4.111 0.9418
4.112 0.9418
4.113 0.9419
4.116 0.942
4.117 0.942
4.118 0.942
4.119 0.9421
4.121 0.9421
4.123 0.9422
4.124 0.9422
4.125 0.9422
4.129 0.9422
4.13 0.9423
4.131 0.9423
4.132 0.9424
4.134 0.9424
4.136 0.9426
4.137 0.9426
4.138 0.9426
4.139 0.9427
4.14 0.9427
4.141 0.9428
4.142 0.9428
4.144 0.9428
4.145 0.9429
4.146 0.9429
4.147 0.9429
4.148 0.943
4.149 0.943
4.15 0.9431
4.151 0.9432
4.153 0.9432
4.154 0.9433
4.155 0.9433
4.156 0.9433
4.157 0.9434
4.158 0.9434
4.159 0.9434
4.16 0.9435
4.161 0.9435
4.163 0.9436
4.164 0.9436
4.165 0.9436
4.166 0.9437
4.167 0.9438
4.168 0.9438
4.169 0.9439
4.17 0.9439
4.171 0.944
4.172 0.944
4.174 0.944
4.175 0.9441
4.176 0.9441
4.178 0.9442
4.179 0.9442
4.18 0.9443
4.182 0.9443
4.183 0.9443
4.184 0.9443
4.185 0.9444
4.186 0.9444
4.188 0.9445
4.189 0.9446
4.191 0.9446
4.192 0.9446
4.193 0.9447
4.194 0.9447
4.195 0.9447
4.196 0.9448
4.198 0.9448
4.199 0.9449
4.2 0.9449
4.201 0.945
4.203 0.945
4.204 0.9451
4.205 0.9452
4.206 0.9452
4.208 0.9452
4.209 0.9453
4.21 0.9454
4.211 0.9454
4.213 0.9454
4.214 0.9455
4.215 0.9455
4.217 0.9455
4.218 0.9455
4.219 0.9456
4.22 0.9457
4.221 0.9457
4.222 0.9458
4.223 0.9458
4.224 0.9459
4.225 0.946
4.227 0.946
4.228 0.9461
4.229 0.9461
4.231 0.9462
4.232 0.9462
4.233 0.9463
4.235 0.9463
4.236 0.9464
4.237 0.9464
4.238 0.9465
4.239 0.9465
4.24 0.9465
4.241 0.9466
4.242 0.9466
4.243 0.9466
4.244 0.9467
4.247 0.9467
4.248 0.9467
4.249 0.9468
4.251 0.9468
4.252 0.9468
4.256 0.9469
4.257 0.947
4.258 0.947
4.259 0.947
4.261 0.9471
4.262 0.9471
4.263 0.9471
4.264 0.9471
4.265 0.9472
4.266 0.9472
4.267 0.9472
4.268 0.9473
4.27 0.9473
4.271 0.9473
4.272 0.9474
4.274 0.9474
4.276 0.9474
4.277 0.9474
4.278 0.9475
4.279 0.9475
4.28 0.9475
4.281 0.9475
4.282 0.9476
4.284 0.9476
4.285 0.9477
4.286 0.9478
4.287 0.9478
4.288 0.9479
4.29 0.9479
4.291 0.948
4.292 0.948
4.293 0.948
4.294 0.9481
4.295 0.9481
4.296 0.9482
4.297 0.9482
4.298 0.9483
4.299 0.9483
4.3 0.9484
4.301 0.9484
4.302 0.9485
4.305 0.9486
4.307 0.9486
4.308 0.9487
4.309 0.9487
4.31 0.9488
4.311 0.9489
4.312 0.9489
4.313 0.949
4.314 0.9491
4.315 0.9491
4.317 0.9491
4.319 0.9491
4.32 0.9492
4.321 0.9493
4.322 0.9493
4.323 0.9494
4.324 0.9494
4.325 0.9494
4.327 0.9495
4.328 0.9495
4.33 0.9495
4.331 0.9496
4.332 0.9496
4.333 0.9496
4.334 0.9496
4.335 0.9497
4.337 0.9497
4.338 0.9498
4.339 0.9498
4.34 0.9499
4.341 0.9499
4.343 0.95
4.344 0.95
4.345 0.9501
4.346 0.9502
4.347 0.9502
4.348 0.9503
4.349 0.9503
4.352 0.9504
4.354 0.9504
4.355 0.9504
4.356 0.9505
4.357 0.9505
4.358 0.9506
4.359 0.9506
4.36 0.9507
4.361 0.9507
4.362 0.9507
4.364 0.9507
4.365 0.9508
4.366 0.9508
4.369 0.9509
4.37 0.9509
4.371 0.951
4.372 0.951
4.373 0.9511
4.374 0.9511
4.376 0.9512
4.377 0.9513
4.378 0.9514
4.379 0.9514
4.381 0.9515
4.382 0.9515
4.383 0.9515
4.384 0.9516
4.385 0.9516
4.386 0.9516
4.387 0.9517
4.388 0.9517
4.39 0.9518
4.391 0.9518
4.392 0.9519
4.393 0.9519
4.394 0.9519
4.395 0.9519
4.396 0.952
4.397 0.952
4.398 0.952
4.399 0.9521
4.4 0.9521
4.403 0.9522
4.404 0.9522
4.405 0.9522
4.406 0.9523
4.407 0.9523
4.408 0.9524
4.409 0.9524
4.41 0.9525
4.411 0.9525
4.412 0.9526
4.413 0.9526
4.416 0.9526
4.417 0.9527
4.418 0.9527
4.419 0.9528
4.42 0.9528
4.421 0.9528
4.422 0.9529
4.423 0.9529
4.424 0.953
4.425 0.953
4.426 0.953
4.427 0.953
4.428 0.9531
4.429 0.9531
4.43 0.9532
4.431 0.9532
4.432 0.9532
4.435 0.9533
4.436 0.9533
4.438 0.9534
4.439 0.9534
4.44 0.9534
4.441 0.9534
4.443 0.9535
4.444 0.9535
4.445 0.9536
4.446 0.9537
4.447 0.9537
4.448 0.9537
4.449 0.9538
4.45 0.9538
4.452 0.9538
4.453 0.9538
4.455 0.9539
4.456 0.9539
4.457 0.9539
4.458 0.954
4.459 0.954
4.46 0.9541
4.461 0.9541
4.462 0.9542
4.463 0.9542
4.464 0.9542
4.465 0.9542
4.466 0.9543
4.467 0.9544
4.468 0.9544
4.469 0.9545
4.47 0.9545
4.471 0.9545
4.472 0.9546
4.473 0.9546
4.474 0.9546
4.477 0.9547
4.479 0.9547
4.48 0.9548
4.484 0.9548
4.485 0.9548
4.486 0.9549
4.487 0.9549
4.488 0.9549
4.489 0.955
4.491 0.955
4.492 0.955
4.494 0.9551
4.495 0.9551
4.496 0.9551
4.497 0.9552
4.5 0.9552
4.502 0.9553
4.503 0.9553
4.506 0.9554
4.507 0.9554
4.508 0.9554
4.51 0.9555
4.512 0.9555
4.513 0.9555
4.514 0.9556
4.516 0.9556
4.517 0.9558
4.52 0.9558
4.521 0.9558
4.522 0.9559
4.523 0.956
4.525 0.9561
4.526 0.9561
4.527 0.9562
4.528 0.9562
4.529 0.9562
4.53 0.9562
4.531 0.9563
4.532 0.9563
4.534 0.9563
4.535 0.9563
4.537 0.9564
4.54 0.9565
4.541 0.9565
4.542 0.9566
4.543 0.9566
4.546 0.9567
4.547 0.9567
4.548 0.9567
4.549 0.9568
4.55 0.9568
4.551 0.9569
4.552 0.9569
4.553 0.9569
4.555 0.957
4.557 0.957
4.56 0.9571
4.561 0.9571
4.562 0.9571
4.563 0.9572
4.565 0.9572
4.566 0.9572
4.567 0.9572
4.568 0.9573
4.569 0.9573
4.57 0.9574
4.571 0.9574
4.572 0.9575
4.573 0.9575
4.574 0.9576
4.576 0.9576
4.577 0.9576
4.578 0.9577
4.579 0.9577
4.58 0.9577
4.581 0.9578
4.582 0.9578
4.584 0.9579
4.586 0.9579
4.587 0.958
4.589 0.958
4.59 0.958
4.591 0.9581
4.592 0.9581
4.593 0.9581
4.594 0.9582
4.595 0.9582
4.597 0.9582
4.599 0.9582
4.6 0.9583
4.601 0.9583
4.602 0.9583
4.605 0.9584
4.607 0.9584
4.608 0.9584
4.609 0.9585
4.61 0.9586
4.611 0.9586
4.612 0.9586
4.613 0.9587
4.614 0.9587
4.615 0.9588
4.616 0.9588
4.617 0.9589
4.618 0.9589
4.619 0.9589
4.622 0.959
4.623 0.959
4.628 0.9591
4.629 0.9591
4.631 0.9591
4.632 0.9591
4.635 0.9592
4.636 0.9593
4.638 0.9593
4.644 0.9593
4.645 0.9594
4.646 0.9594
4.647 0.9594
4.65 0.9594
4.651 0.9595
4.652 0.9595
4.653 0.9596
4.654 0.9596
4.655 0.9597
4.656 0.9597
4.658 0.9598
4.66 0.9598
4.662 0.9599
4.663 0.9599
4.664 0.9599
4.665 0.9599
4.666 0.96
4.667 0.96
4.668 0.9601
4.669 0.9601
4.67 0.9601
4.671 0.9602
4.673 0.9602
4.678 0.9603
4.679 0.9603
4.681 0.9604
4.682 0.9604
4.683 0.9605
4.685 0.9606
4.686 0.9606
4.687 0.9606
4.689 0.9606
4.69 0.9607
4.691 0.9608
4.692 0.9608
4.693 0.9608
4.695 0.9609
4.696 0.9609
4.697 0.9609
4.7 0.9609
4.701 0.961
4.702 0.961
4.705 0.961
4.706 0.961
4.707 0.9611
4.708 0.9611
4.709 0.9612
4.711 0.9612
4.714 0.9612
4.715 0.9613
4.716 0.9613
4.717 0.9613
4.718 0.9614
4.72 0.9614
4.721 0.9614
4.722 0.9615
4.725 0.9615
4.726 0.9615
4.728 0.9615
4.733 0.9616
4.735 0.9616
4.736 0.9617
4.737 0.9617
4.738 0.9617
4.739 0.9618
4.742 0.9618
4.745 0.9618
4.746 0.9619
4.747 0.9619
4.749 0.962
4.75 0.962
4.752 0.962
4.753 0.9621
4.754 0.9621
4.755 0.9621
4.756 0.9621
4.758 0.9622
4.759 0.9622
4.76 0.9623
4.761 0.9624
4.763 0.9624
4.764 0.9625
4.765 0.9625
4.766 0.9625
4.768 0.9626
4.771 0.9626
4.773 0.9627
4.774 0.9627
4.775 0.9628
4.776 0.9628
4.777 0.9628
4.778 0.9629
4.78 0.9629
4.781 0.9629
4.782 0.963
4.784 0.9631
4.786 0.9631
4.787 0.9632
4.788 0.9632
4.789 0.9633
4.79 0.9633
4.791 0.9633
4.794 0.9634
4.796 0.9635
4.797 0.9635
4.8 0.9635
4.802 0.9636
4.805 0.9636
4.807 0.9636
4.812 0.9637
4.813 0.9637
4.815 0.9637
4.816 0.9638
4.819 0.9638
4.821 0.9639
4.825 0.9639
4.826 0.964
4.827 0.964
4.829 0.964
4.83 0.9641
4.834 0.9642
4.835 0.9642
4.836 0.9642
4.837 0.9643
4.838 0.9643
4.839 0.9643
4.84 0.9643
4.841 0.9644
4.842 0.9644
4.843 0.9645
4.844 0.9645
4.846 0.9645
4.847 0.9646
4.848 0.9646
4.849 0.9646
4.85 0.9646
4.851 0.9647
4.853 0.9648
4.854 0.9648
4.855 0.9648
4.856 0.9649
4.858 0.9649
4.859 0.9649
4.862 0.965
4.863 0.965
4.864 0.9651
4.865 0.9651
4.866 0.9651
4.868 0.9651
4.869 0.9652
4.87 0.9652
4.871 0.9652
4.872 0.9653
4.873 0.9653
4.874 0.9653
4.875 0.9654
4.876 0.9654
4.877 0.9655
4.881 0.9655
4.883 0.9656
4.884 0.9656
4.885 0.9656
4.886 0.9656
4.887 0.9657
4.889 0.9657
4.892 0.9657
4.894 0.9657
4.897 0.9658
4.9 0.9658
4.901 0.9659
4.902 0.9659
4.903 0.9659
4.906 0.9659
4.907 0.966
4.908 0.966
4.91 0.9661
4.911 0.9661
4.912 0.9661
4.913 0.9662
4.914 0.9663
4.915 0.9664
4.917 0.9664
4.918 0.9664
4.919 0.9665
4.92 0.9665
4.921 0.9666
4.925 0.9666
4.927 0.9667
4.928 0.9667
4.929 0.9667
4.931 0.9668
4.932 0.9668
4.934 0.9669
4.937 0.9669
4.938 0.9669
4.939 0.967
4.941 0.967
4.942 0.967
4.945 0.9671
4.947 0.9672
4.949 0.9672
4.95 0.9672
4.954 0.9672
4.96 0.9672
4.962 0.9673
4.964 0.9673
4.965 0.9673
4.966 0.9674
4.968 0.9674
4.969 0.9674
4.97 0.9675
4.971 0.9675
4.974 0.9675
4.975 0.9675
4.976 0.9676
4.98 0.9676
4.983 0.9676
4.987 0.9677
4.989 0.9677
4.99 0.9678
4.992 0.9678
4.993 0.9679
4.995 0.9679
4.998 0.9679
4.999 0.9679
5 0.968
5.001 0.968
5.002 0.968
5.007 0.9681
5.009 0.9682
5.01 0.9682
5.012 0.9682
5.013 0.9682
5.014 0.9683
5.015 0.9683
5.017 0.9683
5.021 0.9684
5.022 0.9684
5.023 0.9684
5.024 0.9684
5.025 0.9684
5.029 0.9685
5.03 0.9685
5.032 0.9685
5.033 0.9686
5.034 0.9686
5.036 0.9686
5.037 0.9687
5.038 0.9687
5.043 0.9687
5.044 0.9688
5.046 0.9688
5.048 0.9688
5.049 0.9688
5.05 0.9689
5.051 0.969
5.054 0.969
5.056 0.969
5.057 0.9691
5.061 0.9691
5.062 0.9691
5.063 0.9691
5.064 0.9692
5.065 0.9692
5.067 0.9692
5.068 0.9693
5.07 0.9693
5.072 0.9693
5.073 0.9694
5.074 0.9694
5.075 0.9695
5.076 0.9695
5.077 0.9695
5.078 0.9695
5.079 0.9696
5.08 0.9696
5.081 0.9696
5.082 0.9697
5.087 0.9697
5.092 0.9698
5.093 0.9698
5.095 0.9698
5.096 0.9699
5.097 0.9699
5.098 0.9699
5.1 0.97
5.102 0.97
5.103 0.97
5.108 0.9701
5.111 0.9702
5.115 0.9702
5.116 0.9702
5.117 0.9703
5.121 0.9703
5.123 0.9703
5.126 0.9704
5.129 0.9704
5.13 0.9704
5.133 0.9705
5.136 0.9705
5.137 0.9705
5.139 0.9706
5.141 0.9706
5.143 0.9706
5.144 0.9706
5.147 0.9707
5.148 0.9707
5.149 0.9707
5.15 0.9708
5.153 0.9708
5.154 0.9708
5.155 0.9709
5.156 0.9709
5.159 0.9709
5.16 0.971
5.162 0.971
5.163 0.9711
5.165 0.9711
5.17 0.9712
5.171 0.9712
5.173 0.9712
5.175 0.9712
5.176 0.9712
5.177 0.9713
5.179 0.9713
5.181 0.9713
5.183 0.9713
5.186 0.9714
5.189 0.9714
5.192 0.9715
5.193 0.9715
5.194 0.9715
5.197 0.9716
5.201 0.9716
5.203 0.9716
5.204 0.9716
5.206 0.9717
5.207 0.9717
5.208 0.9717
5.209 0.9718
5.212 0.9718
5.215 0.9719
5.216 0.9719
5.219 0.9719
5.222 0.972
5.224 0.972
5.226 0.972
5.228 0.9721
5.231 0.9721
5.232 0.9721
5.233 0.9722
5.234 0.9722
5.235 0.9723
5.236 0.9723
5.237 0.9723
5.241 0.9723
5.243 0.9724
5.245 0.9724
5.246 0.9725
5.247 0.9725
5.249 0.9725
5.251 0.9725
5.254 0.9726
5.255 0.9726
5.256 0.9727
5.258 0.9727
5.259 0.9727
5.26 0.9728
5.263 0.9728
5.264 0.9728
5.265 0.9728
5.266 0.9728
5.267 0.9729
5.268 0.9729
5.275 0.9729
5.277 0.973
5.282 0.973
5.286 0.973
5.288 0.973
5.289 0.9731
5.29 0.9731
5.291 0.9731
5.292 0.9732
5.293 0.9732
5.294 0.9732
5.297 0.9733
5.298 0.9733
5.301 0.9733
5.303 0.9734
5.304 0.9735
5.305 0.9735
5.307 0.9735
5.308 0.9735
5.309 0.9736
5.31 0.9736
5.313 0.9736
5.314 0.9736
5.316 0.9737
5.319 0.9737
5.321 0.9738
5.322 0.9738
5.323 0.9739
5.327 0.9739
5.329 0.9739
5.331 0.9739
5.332 0.974
5.333 0.974
5.334 0.974
5.335 0.974
5.337 0.9741
5.338 0.9741
5.34 0.9741
5.343 0.9742
5.344 0.9742
5.345 0.9743
5.346 0.9743
5.347 0.9743
5.349 0.9743
5.351 0.9744
5.353 0.9744
5.36 0.9744
5.363 0.9745
5.365 0.9745
5.367 0.9745
5.368 0.9745
5.369 0.9746
5.371 0.9746
5.372 0.9746
5.377 0.9747
5.378 0.9747
5.382 0.9747
5.385 0.9747
5.387 0.9747
5.388 0.9748
5.391 0.9748
5.392 0.9749
5.393 0.9749
5.396 0.9749
5.399 0.975
5.403 0.975
5.404 0.9751
5.405 0.9751
5.406 0.9751
5.407 0.9752
5.408 0.9752
5.41 0.9752
5.411 0.9753
5.414 0.9753
5.415 0.9753
5.424 0.9754
5.426 0.9754
5.429 0.9754
5.431 0.9755
5.432 0.9755
5.433 0.9755
5.434 0.9756
5.435 0.9756
5.436 0.9756
5.443 0.9757
5.444 0.9757
5.445 0.9758
5.446 0.9758
5.447 0.9758
5.448 0.9758
5.461 0.9759
5.462 0.9759
5.464 0.9759
5.466 0.9759
5.469 0.976
5.472 0.976
5.473 0.9761
5.474 0.9761
5.477 0.9761
5.479 0.9761
5.483 0.9762
5.485 0.9763
5.486 0.9763
5.487 0.9763
5.488 0.9763
5.489 0.9764
5.491 0.9764
5.494 0.9764
5.498 0.9765
5.5 0.9765
5.502 0.9766
5.503 0.9766
5.505 0.9766
5.506 0.9766
5.509 0.9767
5.514 0.9767
5.526 0.9767
5.528 0.9768
5.529 0.9768
5.53 0.9769
5.534 0.9769
5.536 0.977
5.54 0.977
5.545 0.977
5.547 0.977
5.548 0.9771
5.549 0.9771
5.55 0.9771
5.551 0.9772
5.552 0.9772
5.556 0.9772
5.557 0.9773
5.558 0.9773
5.56 0.9773
5.561 0.9774
5.564 0.9774
5.565 0.9774
5.569 0.9775
5.571 0.9775
5.573 0.9776
5.575 0.9776
5.576 0.9776
5.577 0.9776
5.582 0.9777
5.583 0.9777
5.585 0.9777
5.588 0.9777
5.589 0.9778
5.592 0.9778
5.594 0.9778
5.595 0.9778
5.597 0.9779
5.599 0.9779
5.6 0.9779
5.602 0.9779
5.603 0.978
5.605 0.978
5.606 0.978
5.609 0.9781
5.61 0.9781
5.612 0.9782
5.613 0.9782
5.615 0.9782
5.618 0.9783
5.619 0.9783
5.623 0.9783
5.626 0.9783
5.631 0.9784
5.634 0.9784
5.635 0.9784
5.636 0.9784
5.639 0.9785
5.641 0.9785
5.643 0.9785
5.647 0.9785
5.65 0.9786
5.653 0.9786
5.654 0.9786
5.658 0.9787
5.659 0.9787
5.663 0.9787
5.666 0.9787
5.672 0.9788
5.675 0.9788
5.678 0.9788
5.679 0.9789
5.686 0.9789
5.688 0.979
5.69 0.979
5.691 0.979
5.696 0.979
5.7 0.9791
5.704 0.9791
5.706 0.9792
5.708 0.9792
5.71 0.9793
5.711 0.9793
5.712 0.9794
5.713 0.9794
5.714 0.9794
5.718 0.9794
5.719 0.9795
5.722 0.9795
5.724 0.9795
5.726 0.9795
5.73 0.9796
5.731 0.9796
5.735 0.9796
5.736 0.9796
5.737 0.9797
5.739 0.9797
5.742 0.9797
5.749 0.9798
5.75 0.9798
5.752 0.9798
5.76 0.9798
5.761 0.9799
5.762 0.9799
5.764 0.9799
5.769 0.9799
5.77 0.98
5.771 0.98
5.772 0.9801
5.773 0.9801
5.778 0.9801
5.78 0.9802
5.781 0.9802
5.784 0.9802
5.786 0.9803
5.787 0.9803
5.788 0.9803
5.791 0.9803
5.792 0.9804
5.796 0.9804
5.797 0.9805
5.801 0.9805
5.802 0.9805
5.803 0.9806
5.805 0.9806
5.806 0.9806
5.807 0.9807
5.808 0.9807
5.809 0.9807
5.812 0.9808
5.817 0.9808
5.819 0.9809
5.825 0.9809
5.826 0.981
5.827 0.981
5.829 0.981
5.83 0.9811
5.832 0.9811
5.833 0.9812
5.834 0.9812
5.843 0.9812
5.844 0.9812
5.845 0.9813
5.846 0.9813
5.849 0.9813
5.85 0.9813
5.852 0.9814
5.854 0.9814
5.857 0.9815
5.86 0.9815
5.861 0.9815
5.862 0.9816
5.864 0.9816
5.865 0.9816
5.867 0.9817
5.868 0.9817
5.87 0.9817
5.872 0.9817
5.873 0.9818
5.874 0.9818
5.875 0.9819
5.876 0.9819
5.882 0.9819
5.883 0.982
5.886 0.982
5.887 0.982
5.888 0.982
5.891 0.9821
5.897 0.9821
5.902 0.9821
5.903 0.9821
5.904 0.9822
5.906 0.9822
5.914 0.9822
5.915 0.9823
5.916 0.9824
5.918 0.9824
5.919 0.9824
5.921 0.9824
5.923 0.9825
5.924 0.9825
5.93 0.9826
5.931 0.9826
5.932 0.9826
5.936 0.9826
5.941 0.9827
5.943 0.9827
5.946 0.9827
5.95 0.9827
5.952 0.9828
5.954 0.9828
5.955 0.9829
5.958 0.9829
5.96 0.9829
5.968 0.9829
5.969 0.983
5.973 0.983
5.974 0.983
5.976 0.9831
5.978 0.9831
5.979 0.9831
5.982 0.9832
5.993 0.9832
5.994 0.9832
5.997 0.9832
5.998 0.9833
5.999 0.9833
6 0.9834
6.002 0.9834
6.003 0.9834
6.006 0.9834
6.01 0.9835
6.011 0.9835
6.012 0.9835
6.018 0.9835
6.023 0.9836
6.024 0.9836
6.025 0.9836
6.029 0.9837
6.033 0.9837
6.036 0.9838
6.038 0.9838
6.044 0.9838
6.046 0.9838
6.048 0.9838
6.049 0.9839
6.055 0.9839
6.056 0.9839
6.062 0.984
6.064 0.984
6.066 0.984
6.068 0.9841
6.074 0.9841
6.076 0.9841
6.077 0.9842
6.079 0.9842
6.081 0.9842
6.082 0.9843
6.085 0.9843
6.086 0.9843
6.089 0.9843
6.09 0.9844
6.091 0.9844
6.092 0.9844
6.095 0.9844
6.099 0.9845
6.1 0.9845
6.101 0.9845
6.104 0.9845
6.107 0.9846
6.108 0.9846
6.111 0.9846
6.113 0.9846
6.114 0.9846
6.116 0.9847
6.117 0.9847
6.118 0.9848
6.125 0.9848
6.127 0.9848
6.13 0.9848
6.131 0.9849
6.133 0.9849
6.134 0.9849
6.14 0.9849
6.144 0.985
6.15 0.985
6.154 0.985
6.156 0.985
6.157 0.985
6.16 0.9851
6.161 0.9851
6.164 0.9851
6.172 0.9851
6.175 0.9852
6.176 0.9852
6.189 0.9852
6.192 0.9853
6.193 0.9853
6.195 0.9853
6.196 0.9854
6.199 0.9854
6.201 0.9854
6.202 0.9854
6.203 0.9855
6.204 0.9855
6.205 0.9856
6.209 0.9856
6.21 0.9856
6.212 0.9857
6.215 0.9857
6.216 0.9857
6.22 0.9858
6.222 0.9858
6.226 0.9858
6.227 0.9858
6.229 0.9859
6.23 0.9859
6.233 0.9859
6.234 0.986
6.238 0.986
6.239 0.9861
6.242 0.9861
6.243 0.9861
6.244 0.9862
6.249 0.9862
6.257 0.9862
6.265 0.9862
6.268 0.9862
6.275 0.9863
6.278 0.9863
6.283 0.9863
6.284 0.9864
6.29 0.9864
6.294 0.9864
6.295 0.9864
6.309 0.9865
6.318 0.9865
6.32 0.9865
6.325 0.9865
6.332 0.9866
6.335 0.9866
6.342 0.9867
6.351 0.9867
6.356 0.9867
6.357 0.9868
6.36 0.9868
6.364 0.9869
6.366 0.9869
6.373 0.9869
6.378 0.9869
6.38 0.987
6.393 0.987
6.394 0.987
6.401 0.987
6.402 0.987
6.403 0.9871
6.407 0.9871
6.408 0.9871
6.412 0.9871
6.413 0.9872
6.424 0.9872
6.431 0.9872
6.432 0.9873
6.433 0.9873
6.434 0.9873
6.436 0.9874
6.441 0.9874
6.448 0.9874
6.457 0.9874
6.46 0.9875
6.476 0.9875
6.478 0.9875
6.479 0.9875
6.484 0.9876
6.491 0.9876
6.492 0.9876
6.498 0.9876
6.502 0.9877
6.514 0.9877
6.515 0.9877
6.518 0.9877
6.527 0.9878
6.529 0.9878
6.534 0.9878
6.54 0.9878
6.544 0.9879
6.555 0.9879
6.557 0.9879
6.56 0.9879
6.561 0.988
6.566 0.988
6.571 0.988
6.578 0.988
6.582 0.9881
6.583 0.9881
6.585 0.9882
6.586 0.9882
6.589 0.9882
6.592 0.9882
6.598 0.9883
6.599 0.9883
6.609 0.9883
6.613 0.9884
6.625 0.9884
6.626 0.9884
6.628 0.9884
6.629 0.9885
6.637 0.9885
6.638 0.9885
6.64 0.9886
6.641 0.9886
6.642 0.9886
6.647 0.9887
6.649 0.9887
6.651 0.9887
6.653 0.9888
6.655 0.9888
6.66 0.9888
6.661 0.9888
6.665 0.9889
6.668 0.9889
6.67 0.9889
6.676 0.9889
6.678 0.989
6.681 0.989
6.691 0.989
6.697 0.989
6.701 0.9891
6.702 0.9891
6.703 0.9891
6.706 0.9892
6.707 0.9892
6.714 0.9892
6.716 0.9893
6.717 0.9893
6.718 0.9893
6.721 0.9893
6.723 0.9894
6.725 0.9894
6.727 0.9894
6.732 0.9894
6.734 0.9895
6.735 0.9895
6.736 0.9895
6.737 0.9895
6.739 0.9896
6.742 0.9896
6.747 0.9896
6.756 0.9896
6.759 0.9897
6.765 0.9897
6.769 0.9897
6.78 0.9897
6.79 0.9898
6.791 0.9898
6.792 0.9898
6.795 0.9899
6.799 0.9899
6.802 0.9899
6.803 0.9899
6.806 0.99
6.81 0.99
6.82 0.99
6.828 0.9901
6.834 0.9901
6.849 0.9901
6.867 0.9901
6.868 0.9902
6.87 0.9902
6.875 0.9903
6.877 0.9903
6.888 0.9903
6.89 0.9903
6.894 0.9904
6.902 0.9904
6.905 0.9904
6.913 0.9905
6.916 0.9905
6.917 0.9905
6.918 0.9905
6.926 0.9906
6.928 0.9906
6.945 0.9906
6.955 0.9906
6.961 0.9907
6.963 0.9907
6.967 0.9907
6.968 0.9907
6.969 0.9908
6.976 0.9908
6.982 0.9908
6.987 0.9908
6.99 0.9909
6.993 0.9909
6.997 0.9909
7.002 0.991
7.003 0.991
7.011 0.991
7.017 0.991
7.023 0.9911
7.027 0.9911
7.029 0.9911
7.031 0.9911
7.038 0.9912
7.04 0.9912
7.041 0.9912
7.047 0.9913
7.051 0.9913
7.061 0.9913
7.062 0.9913
7.068 0.9913
7.07 0.9914
7.074 0.9914
7.076 0.9914
7.081 0.9914
7.085 0.9915
7.09 0.9915
7.092 0.9915
7.097 0.9915
7.131 0.9916
7.135 0.9916
7.142 0.9916
7.154 0.9917
7.156 0.9917
7.158 0.9917
7.169 0.9917
7.171 0.9917
7.176 0.9918
7.191 0.9918
7.22 0.9918
7.221 0.9918
7.222 0.9919
7.226 0.9919
7.229 0.9919
7.231 0.992
7.234 0.992
7.24 0.992
7.245 0.992
7.246 0.9921
7.249 0.9921
7.25 0.9921
7.256 0.9921
7.258 0.9921
7.261 0.9922
7.262 0.9922
7.265 0.9922
7.267 0.9922
7.275 0.9923
7.281 0.9923
7.282 0.9923
7.285 0.9923
7.286 0.9924
7.287 0.9924
7.291 0.9924
7.295 0.9924
7.299 0.9925
7.303 0.9925
7.304 0.9925
7.306 0.9925
7.313 0.9926
7.317 0.9926
7.326 0.9926
7.33 0.9926
7.331 0.9927
7.341 0.9927
7.342 0.9927
7.343 0.9927
7.346 0.9928
7.366 0.9928
7.367 0.9928
7.373 0.9928
7.375 0.9929
7.379 0.9929
7.381 0.9929
7.384 0.9929
7.387 0.993
7.389 0.993
7.393 0.993
7.394 0.993
7.395 0.9931
7.396 0.9931
7.407 0.9931
7.421 0.9931
7.424 0.9932
7.426 0.9932
7.431 0.9932
7.436 0.9933
7.437 0.9933
7.438 0.9933
7.444 0.9933
7.45 0.9933
7.451 0.9934
7.453 0.9934
7.456 0.9934
7.463 0.9934
7.464 0.9935
7.47 0.9935
7.472 0.9935
7.473 0.9936
7.475 0.9936
7.477 0.9936
7.486 0.9937
7.488 0.9937
7.506 0.9937
7.509 0.9937
7.511 0.9937
7.512 0.9938
7.523 0.9938
7.525 0.9938
7.532 0.9938
7.533 0.9939
7.536 0.9939
7.563 0.9939
7.572 0.9939
7.577 0.994
7.579 0.994
7.581 0.994
7.582 0.994
7.583 0.9941
7.592 0.9941
7.593 0.9941
7.595 0.9941
7.614 0.9941
7.616 0.9942
7.619 0.9942
7.624 0.9942
7.626 0.9942
7.627 0.9943
7.629 0.9943
7.636 0.9943
7.639 0.9943
7.645 0.9944
7.65 0.9944
7.654 0.9944
7.655 0.9944
7.66 0.9945
7.662 0.9945
7.684 0.9945
7.693 0.9945
7.698 0.9945
7.705 0.9946
7.715 0.9946
7.717 0.9946
7.723 0.9946
7.733 0.9947
7.741 0.9947
7.748 0.9947
7.774 0.9947
7.793 0.9948
7.799 0.9948
7.805 0.9948
7.81 0.9948
7.812 0.9949
7.821 0.9949
7.822 0.9949
7.823 0.9949
7.833 0.9949
7.845 0.995
7.849 0.995
7.85 0.995
7.879 0.995
7.893 0.9951
7.899 0.9951
7.903 0.9951
7.928 0.9951
7.935 0.9952
7.958 0.9952
7.97 0.9952
7.991 0.9952
7.999 0.9953
8.009 0.9953
8.013 0.9953
8.015 0.9953
8.027 0.9953
8.034 0.9954
8.042 0.9954
8.055 0.9954
8.056 0.9954
8.066 0.9955
8.076 0.9955
8.082 0.9955
8.092 0.9956
8.103 0.9956
8.104 0.9956
8.109 0.9956
8.114 0.9957
8.154 0.9957
8.175 0.9957
8.182 0.9957
8.205 0.9957
8.213 0.9958
8.217 0.9958
8.227 0.9958
8.264 0.9958
8.294 0.9959
8.297 0.9959
8.3 0.9959
8.307 0.9959
8.308 0.996
8.314 0.996
8.33 0.996
8.333 0.996
8.337 0.9961
8.355 0.9961
8.356 0.9961
8.365 0.9961
8.386 0.9961
8.411 0.9962
8.422 0.9962
8.435 0.9962
8.438 0.9963
8.45 0.9963
8.462 0.9963
8.464 0.9963
8.475 0.9964
8.477 0.9964
8.494 0.9964
8.496 0.9964
8.502 0.9964
8.516 0.9965
8.52 0.9965
8.548 0.9965
8.552 0.9965
8.562 0.9966
8.576 0.9966
8.583 0.9966
8.594 0.9966
8.609 0.9967
8.615 0.9967
8.625 0.9967
8.647 0.9967
8.651 0.9968
8.683 0.9968
8.692 0.9968
8.694 0.9968
8.705 0.9968
8.716 0.9969
8.718 0.9969
8.73 0.9969
8.752 0.9969
8.762 0.997
8.763 0.997
8.786 0.997
8.802 0.997
8.81 0.9971
8.825 0.9971
8.83 0.9971
8.832 0.9971
8.856 0.9972
8.859 0.9972
8.864 0.9972
8.873 0.9972
8.886 0.9972
8.887 0.9973
8.889 0.9973
8.89 0.9973
8.896 0.9973
8.907 0.9974
8.91 0.9974
8.924 0.9974
8.926 0.9974
8.945 0.9975
8.95 0.9975
9.002 0.9975
9.021 0.9975
9.03 0.9976
9.049 0.9976
9.055 0.9976
9.058 0.9976
9.064 0.9977
9.075 0.9977
9.082 0.9977
9.083 0.9977
9.084 0.9978
9.089 0.9978
9.091 0.9978
9.092 0.9978
9.11 0.9979
9.113 0.9979
9.12 0.9979
9.157 0.9979
9.165 0.998
9.169 0.998
9.191 0.998
9.199 0.998
9.201 0.998
9.218 0.9981
9.244 0.9981
9.25 0.9981
9.263 0.9981
9.286 0.9982
9.334 0.9982
9.357 0.9982
9.364 0.9982
9.383 0.9983
9.387 0.9983
9.403 0.9983
9.481 0.9983
9.518 0.9984
9.521 0.9984
9.539 0.9984
9.544 0.9984
9.604 0.9984
9.611 0.9985
9.741 0.9985
9.763 0.9985
9.817 0.9985
9.863 0.9986
9.88 0.9986
9.886 0.9986
9.907 0.9986
9.912 0.9987
9.956 0.9987
9.987 0.9987
10.037 0.9987
10.04 0.9988
10.048 0.9988
10.065 0.9988
10.116 0.9988
10.139 0.9988
10.155 0.9989
10.17 0.9989
10.195 0.9989
10.311 0.9989
10.34 0.999
10.357 0.999
10.411 0.999
10.444 0.999
10.457 0.9991
10.471 0.9991
10.473 0.9991
10.537 0.9991
10.564 0.9992
10.571 0.9992
10.614 0.9992
10.627 0.9992
10.648 0.9992
10.767 0.9993
10.787 0.9993
10.933 0.9993
11.039 0.9993
11.101 0.9994
11.167 0.9994
11.188 0.9994
11.212 0.9994
11.314 0.9995
11.336 0.9995
11.374 0.9995
11.378 0.9995
11.436 0.9996
11.493 0.9996
11.523 0.9996
11.677 0.9996
11.695 0.9996
11.767 0.9997
11.77 0.9997
12.246 0.9997
12.409 0.9997
12.422 0.9998
12.737 0.9998
12.867 0.9998
13.467 0.9998
13.678 0.9999
13.935 0.9999
14.906 0.9999
14.974 0.9999
15.33 1
23.305 1
700.565 1
