0 0.0026
0.001 0.0063
0.002 0.0098
0.003 0.013
0.004 0.0166
0.005 0.0201
0.006 0.0233
0.007 0.0266
0.008 0.0299
0.009 0.0331
0.01 0.0365
0.011 0.0397
0.012 0.0432
0.013 0.0463
0.014 0.0495
0.015 0.0525
0.016 0.0556
0.017 0.0588
0.018 0.0618
0.019 0.0647
0.02 0.0678
0.021 0.0709
0.022 0.0741
0.023 0.0771
0.024 0.08
0.025 0.0827
0.026 0.0857
0.027 0.0886
0.028 0.0914
0.029 0.0942
0.03 0.0971
0.031 0.1001
0.032 0.1032
0.033 0.1059
0.034 0.1087
0.035 0.1116
0.036 0.1145
0.037 0.1175
0.038 0.1201
0.039 0.1229
0.04 0.1257
0.041 0.1283
0.042 0.1308
0.043 0.1334
0.044 0.1361
0.045 0.1386
0.046 0.1413
0.047 0.1439
0.048 0.1464
0.049 0.1491
0.05 0.1517
0.051 0.1543
0.052 0.157
0.053 0.1593
0.054 0.1619
0.055 0.1645
0.056 0.1672
0.057 0.1694
0.058 0.172
0.059 0.1745
0.06 0.1771
0.061 0.1795
0.062 0.182
0.063 0.1843
0.064 0.1868
0.065 0.1894
0.066 0.1917
0.067 0.194
0.068 0.1964
0.069 0.1988
0.07 0.2011
0.071 0.2035
0.072 0.206
0.073 0.2083
0.074 0.2106
0.075 0.213
0.076 0.2152
0.077 0.2174
0.078 0.2199
0.079 0.2223
0.08 0.2245
0.081 0.2269
0.082 0.2292
0.083 0.2318
0.084 0.2337
0.085 0.2361
0.086 0.2384
0.087 0.2408
0.088 0.2431
0.089 0.2453
0.09 0.2475
0.091 0.2496
0.092 0.2516
0.093 0.2537
0.094 0.2558
0.095 0.2576
0.096 0.2596
0.097 0.2618
0.098 0.2641
0.099 0.2664
0.1 0.2686
0.101 0.2706
0.102 0.2726
0.103 0.2747
0.104 0.2767
0.105 0.2787
0.106 0.2807
0.107 0.2826
0.108 0.2847
0.109 0.2865
0.11 0.2887
0.111 0.2908
0.112 0.2927
0.113 0.2947
0.114 0.2967
0.115 0.2985
0.116 0.3006
0.117 0.3025
0.118 0.3045
0.119 0.3065
0.12 0.3085
0.121 0.3104
0.122 0.3123
0.123 0.3142
0.124 0.3162
0.125 0.3183
0.126 0.3203
0.127 0.3222
0.128 0.3242
0.129 0.326
0.13 0.3279
0.131 0.3301
0.132 0.332
0.133 0.3338
0.134 0.3357
0.135 0.3375
0.136 0.3395
0.137 0.3414
0.138 0.3432
0.139 0.345
0.14 0.3468
0.141 0.3486
0.142 0.3505
0.143 0.3522
0.144 0.3539
0.145 0.3557
0.146 0.3573
0.147 0.3591
0.148 0.3609
0.149 0.3628
0.15 0.3645
0.151 0.3663
0.152 0.3681
0.153 0.3698
0.154 0.3714
0.155 0.3731
0.156 0.3748
0.157 0.3765
0.158 0.3783
0.159 0.3801
0.16 0.3816
0.161 0.3832
0.162 0.3848
0.163 0.3863
0.164 0.3881
0.165 0.3899
0.166 0.3917
0.167 0.3933
0.168 0.3949
0.169 0.3964
0.17 0.3979
0.171 0.3995
0.172 0.4013
0.173 0.4031
0.174 0.4047
0.175 0.4063
0.176 0.4079
0.177 0.4095
0.178 0.4111
0.179 0.4126
0.18 0.4141
0.181 0.4156
0.182 0.4172
0.183 0.4189
0.184 0.4206
0.185 0.4223
0.186 0.4239
0.187 0.4254
0.188 0.4269
0.189 0.4286
0.19 0.4301
0.191 0.4316
0.192 0.433
0.193 0.4345
0.194 0.436
0.195 0.4375
0.196 0.4388
0.197 0.4402
0.198 0.4417
0.199 0.4433
0.2 0.4449
0.201 0.4466
0.202 0.4479
0.203 0.4495
0.204 0.451
0.205 0.4525
0.206 0.4539
0.207 0.4554
0.208 0.4568
0.209 0.4582
0.21 0.4597
0.211 0.4612
0.212 0.4627
0.213 0.4641
0.214 0.4655
0.215 0.4669
0.216 0.4683
0.217 0.4697
0.218 0.4711
0.219 0.4725
0.22 0.4738
0.221 0.4752
0.222 0.4766
0.223 0.4779
0.224 0.4794
0.225 0.4808
0.226 0.4823
0.227 0.4836
0.228 0.4851
0.229 0.4865
0.23 0.488
0.231 0.4892
0.232 0.4906
0.233 0.4919
0.234 0.4934
0.235 0.4946
0.236 0.4958
0.237 0.4972
0.238 0.4985
0.239 0.4999
0.24 0.5012
0.241 0.5026
0.242 0.5039
0.243 0.5053
0.244 0.5066
0.245 0.508
0.246 0.5094
0.247 0.5109
0.248 0.5123
0.249 0.5137
0.25 0.515
0.251 0.5162
0.252 0.5175
0.253 0.5188
0.254 0.5201
0.255 0.5216
0.256 0.5228
0.257 0.524
0.258 0.5251
0.259 0.5263
0.26 0.5275
0.261 0.5289
0.262 0.53
0.263 0.5314
0.264 0.5329
0.265 0.5341
0.266 0.5353
0.267 0.5364
0.268 0.5377
0.269 0.5388
0.27 0.5401
0.271 0.5414
0.272 0.5427
0.273 0.5439
0.274 0.5452
0.275 0.5463
0.276 0.5474
0.277 0.5486
0.278 0.5498
0.279 0.551
0.28 0.5523
0.281 0.5534
0.282 0.5547
0.283 0.5559
0.284 0.557
0.285 0.5583
0.286 0.5595
0.287 0.5606
0.288 0.5617
0.289 0.5627
0.29 0.564
0.291 0.5653
0.292 0.5664
0.293 0.5675
0.294 0.5687
0.295 0.5699
0.296 0.5712
0.297 0.5722
0.298 0.5733
0.299 0.5745
0.3 0.5757
0.301 0.5767
0.302 0.5778
0.303 0.5789
0.304 0.5799
0.305 0.5811
0.306 0.5822
0.307 0.5832
0.308 0.5842
0.309 0.5854
0.31 0.5864
0.311 0.5875
0.312 0.5887
0.313 0.5898
0.314 0.5909
0.315 0.592
0.316 0.5931
0.317 0.5941
0.318 0.5952
0.319 0.5964
0.32 0.5974
0.321 0.5984
0.322 0.5995
0.323 0.6004
0.324 0.6015
0.325 0.6024
0.326 0.6035
0.327 0.6045
0.328 0.6054
0.329 0.6064
0.33 0.6076
0.331 0.6087
0.332 0.6096
0.333 0.6106
0.334 0.6115
0.335 0.6126
0.336 0.6135
0.337 0.6144
0.338 0.6154
0.339 0.6165
0.34 0.6176
0.341 0.6187
0.342 0.6198
0.343 0.6207
0.344 0.6217
0.345 0.6228
0.346 0.6237
0.347 0.6245
0.348 0.6256
0.349 0.6265
0.35 0.6275
0.351 0.6284
0.352 0.6294
0.353 0.6303
0.354 0.6313
0.355 0.6322
0.356 0.6333
0.357 0.6343
0.358 0.6352
0.359 0.636
0.36 0.637
0.361 0.6378
0.362 0.6387
0.363 0.6396
0.364 0.6405
0.365 0.6415
0.366 0.6426
0.367 0.6435
0.368 0.6444
0.369 0.6453
0.37 0.6462
0.371 0.6472
0.372 0.648
0.373 0.6488
0.374 0.6498
0.375 0.6507
0.376 0.6517
0.377 0.6525
0.378 0.6534
0.379 0.6542
0.38 0.6551
0.381 0.656
0.382 0.6569
0.383 0.6578
0.384 0.6588
0.385 0.6598
0.386 0.6608
0.387 0.6618
0.388 0.6627
0.389 0.6637
0.39 0.6645
0.391 0.6655
0.392 0.6663
0.393 0.6672
0.394 0.6681
0.395 0.6689
0.396 0.6697
0.397 0.6705
0.398 0.6714
0.399 0.6721
0.4 0.6729
0.401 0.6738
0.402 0.6747
0.403 0.6757
0.404 0.6763
0.405 0.6772
0.406 0.678
0.407 0.6789
0.408 0.6798
0.409 0.6806
0.41 0.6815
0.411 0.6823
0.412 0.6832
0.413 0.6841
0.414 0.6848
0.415 0.6856
0.416 0.6865
0.417 0.6873
0.418 0.6881
0.419 0.689
0.42 0.6899
0.421 0.6906
0.422 0.6914
0.423 0.6922
0.424 0.693
0.425 0.6938
0.426 0.6947
0.427 0.6956
0.428 0.6964
0.429 0.6972
0.43 0.698
0.431 0.6987
0.432 0.6995
0.433 0.7003
0.434 0.701
0.435 0.7019
0.436 0.7027
0.437 0.7035
0.438 0.7043
0.439 0.705
0.44 0.7058
0.441 0.7065
0.442 0.7072
0.443 0.708
0.444 0.7087
0.445 0.7094
0.446 0.7101
0.447 0.711
0.448 0.7116
0.449 0.7124
0.45 0.713
0.451 0.7137
0.452 0.7144
0.453 0.7151
0.454 0.7159
0.455 0.7167
0.456 0.7175
0.457 0.7182
0.458 0.7189
0.459 0.7196
0.46 0.7204
0.461 0.7211
0.462 0.7217
0.463 0.7225
0.464 0.7234
0.465 0.7241
0.466 0.7247
0.467 0.7255
0.468 0.7261
0.469 0.7268
0.47 0.7276
0.471 0.7283
0.472 0.7289
0.473 0.7295
0.474 0.7303
0.475 0.7309
0.476 0.7317
0.477 0.7323
0.478 0.7331
0.479 0.7338
0.48 0.7344
0.481 0.7351
0.482 0.7358
0.483 0.7365
0.484 0.7371
0.485 0.7378
0.486 0.7386
0.487 0.7393
0.488 0.7399
0.489 0.7407
0.49 0.7413
0.491 0.7421
0.492 0.7427
0.493 0.7434
0.494 0.744
0.495 0.7446
0.496 0.7452
0.497 0.7459
0.498 0.7466
0.499 0.7474
0.5 0.7481
0.501 0.7487
0.502 0.7493
0.503 0.7499
0.504 0.7505
0.505 0.7511
0.506 0.7517
0.507 0.7523
0.508 0.753
0.509 0.7536
0.51 0.7542
0.511 0.7549
0.512 0.7555
0.513 0.7562
0.514 0.7569
0.515 0.7575
0.516 0.758
0.517 0.7586
0.518 0.7593
0.519 0.7599
0.52 0.7605
0.521 0.7611
0.522 0.7618
0.523 0.7624
0.524 0.7631
0.525 0.7636
0.526 0.7642
0.527 0.7649
0.528 0.7656
0.529 0.7662
0.53 0.7669
0.531 0.7675
0.532 0.7681
0.533 0.7687
0.534 0.7693
0.535 0.7699
0.536 0.7705
0.537 0.771
0.538 0.7717
0.539 0.7723
0.54 0.7729
0.541 0.7735
0.542 0.774
0.543 0.7746
0.544 0.7752
0.545 0.7757
0.546 0.7764
0.547 0.7769
0.548 0.7775
0.549 0.778
0.55 0.7786
0.551 0.7791
0.552 0.7797
0.553 0.7803
0.554 0.7809
0.555 0.7814
0.556 0.7819
0.557 0.7824
0.558 0.7829
0.559 0.7834
0.56 0.7839
0.561 0.7843
0.562 0.7849
0.563 0.7854
0.564 0.786
0.565 0.7865
0.566 0.7871
0.567 0.7876
0.568 0.788
0.569 0.7886
0.57 0.7891
0.571 0.7896
0.572 0.7902
0.573 0.7908
0.574 0.7913
0.575 0.7919
0.576 0.7925
0.577 0.793
0.578 0.7935
0.579 0.794
0.58 0.7945
0.581 0.795
0.582 0.7955
0.583 0.7961
0.584 0.7965
0.585 0.7971
0.586 0.7975
0.587 0.798
0.588 0.7986
0.589 0.799
0.59 0.7996
0.591 0.8001
0.592 0.8008
0.593 0.8012
0.594 0.8017
0.595 0.8023
0.596 0.8029
0.597 0.8034
0.598 0.804
0.599 0.8045
0.6 0.805
0.601 0.8056
0.602 0.8061
0.603 0.8065
0.604 0.8071
0.605 0.8075
0.606 0.8079
0.607 0.8084
0.608 0.8089
0.609 0.8093
0.61 0.8099
0.611 0.8103
0.612 0.8109
0.613 0.8114
0.614 0.8119
0.615 0.8124
0.616 0.8129
0.617 0.8133
0.618 0.8137
0.619 0.8142
0.62 0.8147
0.621 0.8152
0.622 0.8156
0.623 0.8161
0.624 0.8165
0.625 0.817
0.626 0.8174
0.627 0.8179
0.628 0.8185
0.629 0.8189
0.63 0.8194
0.631 0.8199
0.632 0.8204
0.633 0.8209
0.634 0.8214
0.635 0.8218
0.636 0.8223
0.637 0.8227
0.638 0.8231
0.639 0.8236
0.64 0.824
0.641 0.8245
0.642 0.8249
0.643 0.8253
0.644 0.8258
0.645 0.8262
0.646 0.8267
0.647 0.8271
0.648 0.8276
0.649 0.828
0.65 0.8285
0.651 0.8289
0.652 0.8294
0.653 0.8299
0.654 0.8303
0.655 0.8309
0.656 0.8313
0.657 0.8317
0.658 0.8322
0.659 0.8326
0.66 0.833
0.661 0.8333
0.662 0.8337
0.663 0.834
0.664 0.8344
0.665 0.8349
0.666 0.8352
0.667 0.8357
0.668 0.8361
0.669 0.8367
0.67 0.837
0.671 0.8375
0.672 0.8379
0.673 0.8384
0.674 0.8388
0.675 0.8392
0.676 0.8395
0.677 0.84
0.678 0.8404
0.679 0.8409
0.68 0.8413
0.681 0.8416
0.682 0.8421
0.683 0.8425
0.684 0.8429
0.685 0.8434
0.686 0.8438
0.687 0.8441
0.688 0.8444
0.689 0.8448
0.69 0.8452
0.691 0.8455
0.692 0.8459
0.693 0.8463
0.694 0.8467
0.695 0.847
0.696 0.8474
0.697 0.8478
0.698 0.8482
0.699 0.8486
0.7 0.849
0.701 0.8496
0.702 0.8499
0.703 0.8503
0.704 0.8507
0.705 0.851
0.706 0.8514
0.707 0.8519
0.708 0.8523
0.709 0.8526
0.71 0.8531
0.711 0.8535
0.712 0.8539
0.713 0.8543
0.714 0.8547
0.715 0.8551
0.716 0.8554
0.717 0.8558
0.718 0.8561
0.719 0.8565
0.72 0.8569
0.721 0.8573
0.722 0.8577
0.723 0.858
0.724 0.8585
0.725 0.8587
0.726 0.8591
0.727 0.8595
0.728 0.8599
0.729 0.8602
0.73 0.8606
0.731 0.8609
0.732 0.8613
0.733 0.8616
0.734 0.862
0.735 0.8624
0.736 0.8628
0.737 0.863
0.738 0.8635
0.739 0.8638
0.74 0.8642
0.741 0.8646
0.742 0.8649
0.743 0.8653
0.744 0.8657
0.745 0.8661
0.746 0.8663
0.747 0.8666
0.748 0.867
0.749 0.8673
0.75 0.8676
0.751 0.8679
0.752 0.8682
0.753 0.8686
0.754 0.869
0.755 0.8693
0.756 0.8696
0.757 0.87
0.758 0.8703
0.759 0.8706
0.76 0.8709
0.761 0.8712
0.762 0.8715
0.763 0.8719
0.764 0.8722
0.765 0.8725
0.766 0.8728
0.767 0.8731
0.768 0.8734
0.769 0.8737
0.77 0.874
0.771 0.8744
0.772 0.8746
0.773 0.8749
0.774 0.8753
0.775 0.8755
0.776 0.8759
0.777 0.8762
0.778 0.8766
0.779 0.8769
0.78 0.8772
0.781 0.8775
0.782 0.8778
0.783 0.8781
0.784 0.8784
0.785 0.8787
0.786 0.8789
0.787 0.8792
0.788 0.8796
0.789 0.8799
0.79 0.8803
0.791 0.8806
0.792 0.8809
0.793 0.8812
0.794 0.8815
0.795 0.8818
0.796 0.882
0.797 0.8823
0.798 0.8825
0.799 0.8827
0.8 0.8831
0.801 0.8833
0.802 0.8836
0.803 0.8838
0.804 0.8841
0.805 0.8844
0.806 0.8847
0.807 0.885
0.808 0.8853
0.809 0.8856
0.81 0.8859
0.811 0.8862
0.812 0.8864
0.813 0.8867
0.814 0.8871
0.815 0.8873
0.816 0.8876
0.817 0.8879
0.818 0.8882
0.819 0.8885
0.82 0.8888
0.821 0.889
0.822 0.8893
0.823 0.8896
0.824 0.8898
0.825 0.8901
0.826 0.8904
0.827 0.8907
0.828 0.891
0.829 0.8913
0.83 0.8916
0.831 0.8918
0.832 0.8921
0.833 0.8923
0.834 0.8926
0.835 0.8929
0.836 0.8931
0.837 0.8934
0.838 0.8937
0.839 0.8939
0.84 0.8941
0.841 0.8944
0.842 0.8946
0.843 0.8948
0.844 0.895
0.845 0.8953
0.846 0.8955
0.847 0.8958
0.848 0.896
0.849 0.8962
0.85 0.8965
0.851 0.8967
0.852 0.897
0.853 0.8972
0.854 0.8975
0.855 0.8978
0.856 0.898
0.857 0.8982
0.858 0.8985
0.859 0.8987
0.86 0.899
0.861 0.8992
0.862 0.8995
0.863 0.8997
0.864 0.9001
0.865 0.9004
0.866 0.9006
0.867 0.9008
0.868 0.9011
0.869 0.9013
0.87 0.9015
0.871 0.9017
0.872 0.902
0.873 0.9023
0.874 0.9025
0.875 0.9027
0.876 0.903
0.877 0.9032
0.878 0.9034
0.879 0.9036
0.88 0.9039
0.881 0.904
0.882 0.9043
0.883 0.9045
0.884 0.9047
0.885 0.9049
0.886 0.9051
0.887 0.9053
0.888 0.9056
0.889 0.9058
0.89 0.906
0.891 0.9063
0.892 0.9065
0.893 0.9068
0.894 0.907
0.895 0.9073
0.896 0.9076
0.897 0.9078
0.898 0.9081
0.899 0.9082
0.9 0.9085
0.901 0.9087
0.902 0.9089
0.903 0.9091
0.904 0.9094
0.905 0.9097
0.906 0.9099
0.907 0.9101
0.908 0.9103
0.909 0.9106
0.91 0.9108
0.911 0.911
0.912 0.9112
0.913 0.9113
0.914 0.9115
0.915 0.9118
0.916 0.912
0.917 0.9121
0.918 0.9123
0.919 0.9126
0.92 0.9128
0.921 0.913
0.922 0.9132
0.923 0.9135
0.924 0.9136
0.925 0.9138
0.926 0.914
0.927 0.9142
0.928 0.9144
0.929 0.9146
0.93 0.9149
0.931 0.9151
0.932 0.9153
0.933 0.9154
0.934 0.9156
0.935 0.9158
0.936 0.916
0.937 0.9162
0.938 0.9163
0.939 0.9166
0.94 0.9168
0.941 0.9171
0.942 0.9173
0.943 0.9174
0.944 0.9176
0.945 0.9178
0.946 0.918
0.947 0.9182
0.948 0.9185
0.949 0.9186
0.95 0.9188
0.951 0.919
0.952 0.9192
0.953 0.9194
0.954 0.9197
0.955 0.9198
0.956 0.9201
0.957 0.9203
0.958 0.9205
0.959 0.9207
0.96 0.9209
0.961 0.9211
0.962 0.9212
0.963 0.9214
0.964 0.9216
0.965 0.9219
0.966 0.9221
0.967 0.9223
0.968 0.9225
0.969 0.9227
0.97 0.9228
0.971 0.923
0.972 0.9233
0.973 0.9235
0.974 0.9236
0.975 0.9238
0.976 0.924
0.977 0.9241
0.978 0.9243
0.979 0.9245
0.98 0.9247
0.981 0.9248
0.982 0.925
0.983 0.9252
0.984 0.9254
0.985 0.9256
0.986 0.9259
0.987 0.9261
0.988 0.9263
0.989 0.9264
0.99 0.9266
0.991 0.9268
0.992 0.9269
0.993 0.9271
0.994 0.9273
0.995 0.9275
0.996 0.9277
0.997 0.9279
0.998 0.9281
0.999 0.9283
1 0.9284
1.001 0.9286
1.002 0.9288
1.003 0.929
1.004 0.9292
1.005 0.9293
1.006 0.9295
1.007 0.9296
1.008 0.9298
1.009 0.93
1.01 0.9302
1.011 0.9303
1.012 0.9305
1.013 0.9306
1.014 0.9308
1.015 0.931
1.016 0.9312
1.017 0.9314
1.018 0.9316
1.019 0.9317
1.02 0.9319
1.021 0.9321
1.022 0.9323
1.023 0.9325
1.024 0.9327
1.025 0.9328
1.026 0.933
1.027 0.9332
1.028 0.9333
1.029 0.9335
1.03 0.9337
1.031 0.9338
1.032 0.934
1.033 0.9341
1.034 0.9343
1.035 0.9345
1.036 0.9346
1.037 0.9348
1.038 0.935
1.039 0.9351
1.04 0.9353
1.041 0.9354
1.042 0.9355
1.043 0.9357
1.044 0.9359
1.045 0.936
1.046 0.9362
1.047 0.9363
1.048 0.9365
1.049 0.9367
1.05 0.9369
1.051 0.937
1.052 0.9371
1.053 0.9373
1.054 0.9375
1.055 0.9376
1.056 0.9378
1.057 0.938
1.058 0.9381
1.059 0.9383
1.06 0.9384
1.061 0.9386
1.062 0.9387
1.063 0.9389
1.064 0.9391
1.065 0.9392
1.066 0.9393
1.067 0.9395
1.068 0.9396
1.069 0.9397
1.07 0.9398
1.071 0.94
1.072 0.9401
1.073 0.9402
1.074 0.9404
1.075 0.9405
1.076 0.9406
1.077 0.9408
1.078 0.9409
1.079 0.9411
1.08 0.9412
1.081 0.9414
1.082 0.9415
1.083 0.9417
1.084 0.9418
1.085 0.942
1.086 0.9421
1.087 0.9423
1.088 0.9425
1.089 0.9426
1.09 0.9428
1.091 0.9429
1.092 0.9431
1.093 0.9432
1.094 0.9433
1.095 0.9434
1.096 0.9436
1.097 0.9438
1.098 0.9439
1.099 0.944
1.1 0.9442
1.101 0.9443
1.102 0.9444
1.103 0.9445
1.104 0.9447
1.105 0.9449
1.106 0.945
1.107 0.9452
1.108 0.9453
1.109 0.9455
1.11 0.9457
1.111 0.9459
1.112 0.946
1.113 0.9461
1.114 0.9463
1.115 0.9464
1.116 0.9465
1.117 0.9466
1.118 0.9468
1.119 0.9468
1.12 0.947
1.121 0.9471
1.122 0.9472
1.123 0.9473
1.124 0.9475
1.125 0.9476
1.126 0.9477
1.127 0.9478
1.128 0.9479
1.129 0.9481
1.13 0.9482
1.131 0.9483
1.132 0.9484
1.133 0.9485
1.134 0.9486
1.135 0.9487
1.136 0.9489
1.137 0.949
1.138 0.9491
1.139 0.9493
1.14 0.9494
1.141 0.9495
1.142 0.9496
1.143 0.9498
1.144 0.9499
1.145 0.95
1.146 0.9501
1.147 0.9503
1.148 0.9504
1.149 0.9505
1.15 0.9506
1.151 0.9507
1.152 0.9508
1.153 0.951
1.154 0.9511
1.155 0.9512
1.156 0.9513
1.157 0.9514
1.158 0.9516
1.159 0.9517
1.16 0.9518
1.161 0.9519
1.162 0.952
1.163 0.9521
1.164 0.9522
1.165 0.9523
1.166 0.9525
1.167 0.9526
1.168 0.9527
1.169 0.9528
1.17 0.9529
1.171 0.9531
1.172 0.9532
1.173 0.9533
1.174 0.9535
1.175 0.9535
1.176 0.9536
1.177 0.9538
1.178 0.9539
1.179 0.954
1.18 0.9541
1.181 0.9541
1.182 0.9542
1.183 0.9543
1.184 0.9544
1.185 0.9545
1.186 0.9545
1.187 0.9547
1.188 0.9548
1.189 0.9549
1.19 0.955
1.191 0.9551
1.192 0.9552
1.193 0.9554
1.194 0.9555
1.195 0.9556
1.196 0.9557
1.197 0.9558
1.198 0.9559
1.199 0.956
1.2 0.9561
1.201 0.9562
1.202 0.9563
1.203 0.9565
1.204 0.9566
1.205 0.9567
1.206 0.9568
1.207 0.9569
1.208 0.957
1.209 0.9572
1.21 0.9573
1.211 0.9574
1.212 0.9574
1.213 0.9576
1.214 0.9577
1.215 0.9578
1.216 0.9579
1.217 0.9581
1.218 0.9581
1.219 0.9582
1.22 0.9583
1.221 0.9585
1.222 0.9586
1.223 0.9587
1.224 0.9588
1.225 0.9589
1.226 0.9589
1.227 0.959
1.228 0.9591
1.229 0.9592
1.23 0.9593
1.231 0.9593
1.232 0.9594
1.233 0.9595
1.234 0.9596
1.235 0.9597
1.236 0.9598
1.237 0.9599
1.238 0.96
1.239 0.9601
1.24 0.9601
1.241 0.9602
1.242 0.9603
1.243 0.9604
1.244 0.9605
1.245 0.9606
1.246 0.9608
1.247 0.9608
1.248 0.9609
1.249 0.961
1.25 0.9611
1.251 0.9612
1.252 0.9613
1.253 0.9614
1.254 0.9615
1.255 0.9616
1.256 0.9617
1.257 0.9618
1.258 0.9619
1.259 0.9621
1.26 0.9621
1.261 0.9623
1.262 0.9623
1.263 0.9624
1.264 0.9625
1.265 0.9626
1.266 0.9627
1.267 0.9628
1.268 0.9629
1.269 0.963
1.27 0.9631
1.271 0.9632
1.272 0.9632
1.273 0.9633
1.274 0.9634
1.275 0.9635
1.276 0.9636
1.277 0.9636
1.278 0.9637
1.279 0.9638
1.28 0.9639
1.281 0.964
1.282 0.9641
1.283 0.9641
1.284 0.9642
1.285 0.9642
1.286 0.9643
1.287 0.9644
1.288 0.9645
1.289 0.9646
1.29 0.9647
1.291 0.9648
1.292 0.9649
1.293 0.965
1.294 0.9651
1.295 0.9651
1.296 0.9652
1.297 0.9653
1.298 0.9654
1.299 0.9655
1.3 0.9656
1.301 0.9657
1.302 0.9657
1.303 0.9658
1.304 0.9659
1.305 0.966
1.306 0.9661
1.307 0.9661
1.308 0.9662
1.309 0.9663
1.31 0.9664
1.311 0.9665
1.312 0.9666
1.313 0.9667
1.314 0.9668
1.315 0.9669
1.316 0.967
1.317 0.9671
1.318 0.9672
1.319 0.9673
1.32 0.9673
1.321 0.9674
1.322 0.9675
1.323 0.9676
1.324 0.9676
1.325 0.9677
1.326 0.9678
1.327 0.9678
1.328 0.9679
1.329 0.968
1.33 0.9681
1.331 0.9682
1.332 0.9682
1.333 0.9683
1.334 0.9684
1.335 0.9685
1.336 0.9686
1.337 0.9687
1.338 0.9688
1.339 0.9689
1.34 0.969
1.341 0.969
1.342 0.9691
1.343 0.9691
1.344 0.9692
1.345 0.9693
1.346 0.9694
1.347 0.9695
1.348 0.9695
1.349 0.9696
1.35 0.9697
1.351 0.9697
1.352 0.9698
1.353 0.9698
1.354 0.9699
1.355 0.97
1.356 0.97
1.357 0.9701
1.358 0.9702
1.359 0.9703
1.36 0.9703
1.361 0.9704
1.362 0.9705
1.363 0.9706
1.364 0.9707
1.365 0.9708
1.366 0.9708
1.367 0.9709
1.368 0.971
1.369 0.9711
1.37 0.9711
1.371 0.9712
1.372 0.9713
1.373 0.9713
1.374 0.9714
1.375 0.9715
1.376 0.9716
1.377 0.9716
1.378 0.9717
1.379 0.9717
1.38 0.9718
1.381 0.9718
1.382 0.9719
1.383 0.9719
1.384 0.972
1.385 0.9721
1.386 0.9721
1.387 0.9722
1.388 0.9723
1.389 0.9723
1.39 0.9724
1.391 0.9725
1.392 0.9725
1.393 0.9726
1.394 0.9727
1.395 0.9727
1.396 0.9728
1.397 0.9728
1.398 0.9729
1.399 0.973
1.4 0.973
1.401 0.9731
1.402 0.9731
1.403 0.9732
1.404 0.9733
1.405 0.9734
1.406 0.9734
1.407 0.9735
1.408 0.9735
1.409 0.9736
1.41 0.9737
1.411 0.9738
1.412 0.9738
1.413 0.9739
1.414 0.974
1.415 0.974
1.416 0.9741
1.417 0.9741
1.418 0.9742
1.419 0.9743
1.42 0.9743
1.421 0.9744
1.422 0.9744
1.423 0.9745
1.424 0.9745
1.425 0.9746
1.426 0.9747
1.427 0.9748
1.428 0.9748
1.429 0.9749
1.43 0.9749
1.431 0.975
1.432 0.975
1.433 0.9751
1.434 0.9751
1.435 0.9752
1.436 0.9753
1.437 0.9754
1.438 0.9754
1.439 0.9755
1.44 0.9756
1.441 0.9756
1.442 0.9757
1.443 0.9757
1.444 0.9757
1.445 0.9758
1.446 0.9759
1.447 0.9759
1.448 0.976
1.449 0.9761
1.45 0.9761
1.451 0.9762
1.452 0.9762
1.453 0.9763
1.454 0.9764
1.455 0.9764
1.456 0.9765
1.457 0.9765
1.458 0.9766
1.459 0.9767
1.46 0.9768
1.461 0.9768
1.462 0.9769
1.463 0.9769
1.464 0.977
1.465 0.977
1.466 0.977
1.467 0.9771
1.468 0.9772
1.469 0.9772
1.47 0.9773
1.471 0.9773
1.472 0.9774
1.473 0.9775
1.474 0.9775
1.475 0.9775
1.476 0.9776
1.477 0.9776
1.478 0.9777
1.479 0.9777
1.48 0.9778
1.481 0.9778
1.482 0.9779
1.483 0.978
1.484 0.978
1.485 0.978
1.486 0.9781
1.487 0.9781
1.488 0.9782
1.489 0.9783
1.49 0.9783
1.491 0.9784
1.492 0.9784
1.493 0.9784
1.494 0.9785
1.495 0.9785
1.496 0.9786
1.497 0.9786
1.498 0.9787
1.499 0.9787
1.5 0.9788
1.501 0.9788
1.502 0.9789
1.503 0.9789
1.504 0.9789
1.505 0.979
1.506 0.979
1.507 0.9791
1.508 0.9791
1.509 0.9792
1.51 0.9792
1.511 0.9792
1.512 0.9793
1.513 0.9794
1.514 0.9794
1.515 0.9795
1.516 0.9795
1.517 0.9795
1.518 0.9796
1.519 0.9796
1.52 0.9797
1.521 0.9797
1.522 0.9798
1.523 0.9798
1.524 0.9799
1.525 0.9799
1.526 0.98
1.527 0.9801
1.528 0.9801
1.529 0.9802
1.53 0.9802
1.531 0.9803
1.532 0.9803
1.533 0.9803
1.534 0.9804
1.535 0.9804
1.536 0.9805
1.537 0.9805
1.538 0.9805
1.539 0.9806
1.54 0.9806
1.541 0.9807
1.542 0.9807
1.543 0.9807
1.544 0.9808
1.545 0.9808
1.546 0.9809
1.547 0.9809
1.548 0.9809
1.549 0.981
1.55 0.9811
1.551 0.9811
1.552 0.9811
1.553 0.9812
1.554 0.9812
1.555 0.9813
1.556 0.9813
1.557 0.9814
1.558 0.9814
1.559 0.9815
1.56 0.9815
1.561 0.9816
1.562 0.9816
1.563 0.9816
1.564 0.9816
1.565 0.9817
1.566 0.9817
1.567 0.9818
1.568 0.9818
1.569 0.9819
1.57 0.9819
1.571 0.9819
1.572 0.982
1.573 0.982
1.574 0.9821
1.575 0.9821
1.576 0.9821
1.577 0.9821
1.578 0.9822
1.579 0.9822
1.58 0.9822
1.581 0.9822
1.582 0.9823
1.583 0.9823
1.584 0.9824
1.585 0.9824
1.586 0.9824
1.587 0.9825
1.588 0.9825
1.589 0.9826
1.59 0.9826
1.591 0.9826
1.592 0.9827
1.593 0.9827
1.594 0.9828
1.595 0.9828
1.596 0.9828
1.597 0.9829
1.598 0.9829
1.599 0.983
1.6 0.983
1.601 0.983
1.602 0.9831
1.603 0.9831
1.604 0.9832
1.605 0.9832
1.606 0.9832
1.607 0.9833
1.608 0.9833
1.609 0.9833
1.61 0.9833
1.611 0.9834
1.612 0.9834
1.613 0.9834
1.614 0.9835
1.615 0.9835
1.616 0.9836
1.617 0.9836
1.618 0.9836
1.619 0.9837
1.62 0.9838
1.621 0.9838
1.622 0.9838
1.623 0.9839
1.624 0.9839
1.625 0.9839
1.626 0.984
1.627 0.984
1.628 0.984
1.629 0.9841
1.63 0.9841
1.631 0.9841
1.632 0.9842
1.633 0.9842
1.634 0.9843
1.635 0.9843
1.636 0.9843
1.637 0.9843
1.638 0.9844
1.639 0.9844
1.64 0.9844
1.641 0.9845
1.642 0.9845
1.643 0.9845
1.644 0.9846
1.645 0.9846
1.646 0.9846
1.647 0.9847
1.648 0.9847
1.649 0.9847
1.65 0.9848
1.651 0.9848
1.652 0.9848
1.653 0.9849
1.654 0.9849
1.655 0.9849
1.656 0.985
1.657 0.985
1.658 0.985
1.659 0.9851
1.66 0.9851
1.661 0.9851
1.662 0.9851
1.663 0.9852
1.664 0.9852
1.665 0.9852
1.666 0.9852
1.667 0.9853
1.668 0.9853
1.669 0.9854
1.67 0.9854
1.671 0.9855
1.672 0.9855
1.673 0.9856
1.674 0.9856
1.675 0.9856
1.676 0.9856
1.677 0.9857
1.678 0.9857
1.679 0.9857
1.68 0.9858
1.681 0.9858
1.682 0.9859
1.683 0.9859
1.684 0.9859
1.685 0.9859
1.686 0.986
1.687 0.986
1.688 0.986
1.689 0.986
1.69 0.9861
1.691 0.9861
1.692 0.9861
1.693 0.9861
1.694 0.9862
1.695 0.9862
1.696 0.9863
1.697 0.9863
1.698 0.9863
1.699 0.9863
1.7 0.9864
1.701 0.9864
1.702 0.9865
1.703 0.9865
1.704 0.9866
1.705 0.9866
1.706 0.9866
1.707 0.9866
1.708 0.9867
1.709 0.9867
1.71 0.9868
1.711 0.9868
1.712 0.9868
1.713 0.9869
1.714 0.9869
1.715 0.9869
1.716 0.987
1.717 0.987
1.718 0.9871
1.719 0.9871
1.72 0.9871
1.721 0.9872
1.722 0.9872
1.723 0.9872
1.724 0.9873
1.725 0.9873
1.726 0.9873
1.727 0.9874
1.728 0.9874
1.729 0.9874
1.73 0.9875
1.731 0.9875
1.732 0.9875
1.733 0.9875
1.734 0.9876
1.735 0.9876
1.737 0.9877
1.738 0.9877
1.739 0.9877
1.74 0.9877
1.741 0.9878
1.742 0.9878
1.743 0.9879
1.744 0.9879
1.745 0.988
1.746 0.988
1.747 0.988
1.748 0.988
1.749 0.9881
1.75 0.9881
1.751 0.9882
1.752 0.9882
1.753 0.9882
1.754 0.9883
1.755 0.9883
1.756 0.9883
1.757 0.9883
1.758 0.9883
1.759 0.9884
1.76 0.9884
1.761 0.9884
1.762 0.9885
1.763 0.9885
1.764 0.9885
1.765 0.9885
1.766 0.9886
1.767 0.9886
1.768 0.9886
1.769 0.9887
1.77 0.9887
1.771 0.9887
1.772 0.9887
1.773 0.9887
1.774 0.9888
1.775 0.9888
1.776 0.9888
1.777 0.9888
1.778 0.9889
1.779 0.9889
1.78 0.9889
1.781 0.9889
1.782 0.989
1.783 0.989
1.784 0.989
1.785 0.9891
1.786 0.9891
1.787 0.9892
1.788 0.9892
1.789 0.9892
1.79 0.9892
1.791 0.9892
1.792 0.9892
1.793 0.9893
1.794 0.9893
1.795 0.9893
1.796 0.9894
1.797 0.9894
1.798 0.9894
1.799 0.9895
1.8 0.9895
1.801 0.9895
1.802 0.9895
1.803 0.9896
1.804 0.9896
1.805 0.9897
1.806 0.9897
1.807 0.9897
1.808 0.9898
1.809 0.9898
1.81 0.9898
1.811 0.9898
1.812 0.9899
1.813 0.9899
1.814 0.9899
1.815 0.9899
1.816 0.99
1.817 0.99
1.818 0.99
1.819 0.99
1.82 0.9901
1.821 0.9901
1.822 0.9901
1.823 0.9901
1.824 0.9901
1.825 0.9902
1.826 0.9902
1.827 0.9902
1.828 0.9902
1.829 0.9902
1.83 0.9903
1.831 0.9903
1.832 0.9903
1.833 0.9904
1.834 0.9904
1.835 0.9904
1.836 0.9904
1.837 0.9904
1.838 0.9905
1.839 0.9905
1.84 0.9905
1.841 0.9906
1.842 0.9906
1.843 0.9906
1.845 0.9906
1.846 0.9906
1.847 0.9907
1.848 0.9907
1.849 0.9907
1.85 0.9907
1.851 0.9907
1.852 0.9908
1.853 0.9908
1.854 0.9908
1.855 0.9909
1.856 0.9909
1.857 0.9909
1.858 0.9909
1.859 0.991
1.86 0.991
1.861 0.991
1.862 0.991
1.863 0.991
1.864 0.9911
1.865 0.9911
1.866 0.9911
1.869 0.9912
1.87 0.9912
1.871 0.9912
1.872 0.9912
1.873 0.9912
1.874 0.9913
1.875 0.9913
1.876 0.9913
1.877 0.9913
1.878 0.9913
1.879 0.9913
1.881 0.9914
1.882 0.9914
1.883 0.9914
1.884 0.9914
1.885 0.9914
1.886 0.9914
1.887 0.9914
1.888 0.9915
1.889 0.9915
1.89 0.9915
1.891 0.9915
1.892 0.9916
1.893 0.9916
1.894 0.9916
1.895 0.9916
1.896 0.9916
1.897 0.9917
1.899 0.9917
1.9 0.9917
1.901 0.9918
1.902 0.9918
1.903 0.9918
1.904 0.9918
1.905 0.9919
1.906 0.9919
1.907 0.9919
1.908 0.9919
1.909 0.992
1.91 0.992
1.911 0.992
1.912 0.9921
1.913 0.9921
1.914 0.9921
1.915 0.9921
1.916 0.9922
1.917 0.9922
1.918 0.9922
1.92 0.9922
1.921 0.9922
1.922 0.9923
1.923 0.9923
1.925 0.9923
1.926 0.9923
1.927 0.9924
1.928 0.9924
1.929 0.9924
1.93 0.9924
1.931 0.9925
1.932 0.9925
1.933 0.9925
1.934 0.9925
1.935 0.9925
1.936 0.9925
1.937 0.9925
1.938 0.9926
1.939 0.9926
1.94 0.9926
1.941 0.9926
1.942 0.9926
1.943 0.9926
1.944 0.9927
1.945 0.9927
1.946 0.9927
1.948 0.9928
1.949 0.9928
1.95 0.9928
1.951 0.9928
1.952 0.9928
1.953 0.9928
1.954 0.9929
1.956 0.9929
1.957 0.9929
1.958 0.9929
1.959 0.9929
1.96 0.9929
1.961 0.993
1.962 0.993
1.963 0.993
1.964 0.993
1.965 0.993
1.966 0.993
1.967 0.993
1.968 0.993
1.969 0.9931
1.97 0.9931
1.971 0.9931
1.972 0.9931
1.973 0.9931
1.974 0.9931
1.975 0.9932
1.976 0.9932
1.977 0.9932
1.978 0.9932
1.979 0.9932
1.98 0.9932
1.981 0.9933
1.982 0.9933
1.983 0.9933
1.984 0.9933
1.985 0.9933
1.986 0.9933
1.988 0.9933
1.99 0.9933
1.991 0.9934
1.992 0.9934
1.993 0.9934
1.996 0.9934
1.997 0.9934
1.999 0.9935
2 0.9935
2.001 0.9935
2.002 0.9935
2.003 0.9935
2.004 0.9936
2.005 0.9936
2.006 0.9936
2.007 0.9936
2.008 0.9936
2.009 0.9936
2.01 0.9936
2.012 0.9937
2.013 0.9937
2.014 0.9937
2.015 0.9937
2.016 0.9937
2.017 0.9937
2.018 0.9937
2.019 0.9938
2.02 0.9938
2.021 0.9938
2.022 0.9938
2.023 0.9938
2.024 0.9938
2.025 0.9938
2.026 0.9938
2.027 0.9939
2.028 0.9939
2.029 0.9939
2.03 0.9939
2.031 0.9939
2.032 0.994
2.033 0.994
2.034 0.994
2.035 0.994
2.036 0.994
2.037 0.994
2.038 0.9941
2.039 0.9941
2.04 0.9941
2.041 0.9941
2.042 0.9941
2.043 0.9941
2.044 0.9941
2.046 0.9941
2.047 0.9942
2.048 0.9942
2.049 0.9942
2.05 0.9942
2.051 0.9942
2.052 0.9942
2.053 0.9942
2.054 0.9943
2.055 0.9943
2.056 0.9943
2.057 0.9943
2.058 0.9943
2.059 0.9943
2.06 0.9943
2.061 0.9943
2.063 0.9944
2.064 0.9944
2.065 0.9944
2.066 0.9944
2.067 0.9944
2.068 0.9944
2.069 0.9945
2.07 0.9945
2.071 0.9945
2.072 0.9945
2.075 0.9945
2.076 0.9945
2.077 0.9945
2.078 0.9946
2.079 0.9946
2.081 0.9946
2.082 0.9946
2.083 0.9946
2.084 0.9946
2.085 0.9946
2.086 0.9946
2.087 0.9946
2.088 0.9947
2.089 0.9947
2.09 0.9947
2.091 0.9947
2.092 0.9947
2.094 0.9947
2.095 0.9948
2.096 0.9948
2.097 0.9948
2.098 0.9948
2.099 0.9948
2.1 0.9948
2.101 0.9948
2.102 0.9948
2.103 0.9949
2.104 0.9949
2.105 0.9949
2.106 0.9949
2.107 0.9949
2.108 0.9949
2.109 0.995
2.11 0.995
2.111 0.995
2.112 0.995
2.113 0.995
2.114 0.995
2.115 0.995
2.116 0.995
2.117 0.9951
2.118 0.9951
2.119 0.9951
2.121 0.9951
2.122 0.9951
2.123 0.9951
2.124 0.9951
2.125 0.9952
2.126 0.9952
2.127 0.9952
2.128 0.9952
2.129 0.9952
2.13 0.9952
2.132 0.9952
2.133 0.9953
2.134 0.9953
2.136 0.9953
2.137 0.9953
2.138 0.9953
2.139 0.9953
2.141 0.9953
2.142 0.9954
2.144 0.9954
2.145 0.9954
2.147 0.9954
2.148 0.9954
2.149 0.9954
2.151 0.9954
2.152 0.9955
2.153 0.9955
2.154 0.9955
2.155 0.9955
2.156 0.9955
2.159 0.9955
2.161 0.9955
2.162 0.9955
2.163 0.9956
2.164 0.9956
2.165 0.9956
2.167 0.9956
2.168 0.9956
2.169 0.9956
2.171 0.9956
2.172 0.9957
2.173 0.9957
2.174 0.9957
2.175 0.9957
2.177 0.9957
2.18 0.9958
2.181 0.9958
2.182 0.9958
2.183 0.9958
2.185 0.9958
2.186 0.9958
2.187 0.9958
2.188 0.9958
2.19 0.9959
2.192 0.9959
2.194 0.9959
2.195 0.9959
2.196 0.9959
2.197 0.9959
2.198 0.9959
2.199 0.9959
2.2 0.996
2.201 0.996
2.202 0.996
2.203 0.996
2.204 0.996
2.205 0.996
2.207 0.996
2.208 0.996
2.209 0.9961
2.21 0.9961
2.212 0.9961
2.213 0.9961
2.215 0.9961
2.216 0.9961
2.217 0.9961
2.218 0.9961
2.219 0.9961
2.223 0.9961
2.224 0.9962
2.225 0.9962
2.226 0.9962
2.227 0.9962
2.228 0.9962
2.229 0.9962
2.23 0.9963
2.232 0.9963
2.233 0.9963
2.234 0.9963
2.235 0.9963
2.236 0.9963
2.237 0.9963
2.238 0.9963
2.242 0.9963
2.244 0.9963
2.245 0.9964
2.246 0.9964
2.247 0.9964
2.25 0.9964
2.251 0.9964
2.252 0.9964
2.254 0.9964
2.255 0.9964
2.256 0.9964
2.257 0.9964
2.258 0.9965
2.259 0.9965
2.26 0.9965
2.261 0.9965
2.262 0.9965
2.263 0.9965
2.264 0.9965
2.266 0.9966
2.267 0.9966
2.268 0.9966
2.27 0.9966
2.272 0.9966
2.275 0.9966
2.276 0.9966
2.278 0.9966
2.279 0.9966
2.28 0.9966
2.282 0.9966
2.285 0.9967
2.287 0.9967
2.288 0.9967
2.289 0.9967
2.291 0.9967
2.292 0.9967
2.293 0.9967
2.295 0.9968
2.297 0.9968
2.298 0.9968
2.299 0.9968
2.301 0.9968
2.302 0.9968
2.303 0.9968
2.304 0.9968
2.307 0.9968
2.311 0.9968
2.312 0.9968
2.313 0.9968
2.314 0.9968
2.315 0.9968
2.316 0.9969
2.317 0.9969
2.318 0.9969
2.319 0.9969
2.321 0.9969
2.322 0.9969
2.323 0.9969
2.324 0.9969
2.325 0.9969
2.328 0.9969
2.329 0.9969
2.332 0.997
2.337 0.997
2.338 0.997
2.339 0.997
2.34 0.997
2.341 0.997
2.342 0.997
2.343 0.9971
2.345 0.9971
2.347 0.9971
2.348 0.9971
2.351 0.9971
2.354 0.9971
2.357 0.9971
2.359 0.9971
2.36 0.9971
2.362 0.9972
2.363 0.9972
2.364 0.9972
2.365 0.9972
2.367 0.9972
2.368 0.9972
2.369 0.9972
2.371 0.9972
2.372 0.9972
2.374 0.9972
2.375 0.9973
2.376 0.9973
2.381 0.9973
2.385 0.9973
2.39 0.9973
2.392 0.9973
2.394 0.9973
2.395 0.9973
2.396 0.9973
2.398 0.9973
2.401 0.9974
2.404 0.9974
2.406 0.9974
2.407 0.9974
2.408 0.9974
2.409 0.9974
2.411 0.9974
2.413 0.9974
2.414 0.9974
2.415 0.9974
2.417 0.9975
2.418 0.9975
2.421 0.9975
2.422 0.9975
2.424 0.9975
2.425 0.9975
2.429 0.9975
2.43 0.9975
2.432 0.9975
2.434 0.9975
2.435 0.9976
2.436 0.9976
2.437 0.9976
2.438 0.9976
2.44 0.9976
2.442 0.9976
2.443 0.9976
2.445 0.9976
2.447 0.9976
2.448 0.9977
2.449 0.9977
2.453 0.9977
2.454 0.9977
2.457 0.9977
2.459 0.9977
2.46 0.9977
2.462 0.9977
2.464 0.9977
2.465 0.9977
2.466 0.9977
2.467 0.9978
2.47 0.9978
2.471 0.9978
2.472 0.9978
2.476 0.9978
2.478 0.9978
2.479 0.9978
2.48 0.9978
2.483 0.9978
2.485 0.9978
2.486 0.9978
2.487 0.9978
2.488 0.9979
2.49 0.9979
2.491 0.9979
2.493 0.9979
2.495 0.9979
2.496 0.9979
2.498 0.9979
2.502 0.9979
2.503 0.9979
2.508 0.9979
2.509 0.9979
2.511 0.9979
2.512 0.998
2.513 0.998
2.514 0.998
2.517 0.998
2.519 0.998
2.52 0.998
2.521 0.998
2.522 0.998
2.531 0.998
2.533 0.998
2.534 0.998
2.535 0.998
2.536 0.9981
2.539 0.9981
2.543 0.9981
2.544 0.9981
2.545 0.9981
2.546 0.9981
2.549 0.9981
2.55 0.9981
2.551 0.9981
2.555 0.9981
2.556 0.9981
2.56 0.9981
2.561 0.9982
2.568 0.9982
2.569 0.9982
2.571 0.9982
2.572 0.9982
2.573 0.9982
2.575 0.9982
2.577 0.9982
2.58 0.9982
2.581 0.9982
2.591 0.9982
2.593 0.9982
2.595 0.9982
2.597 0.9982
2.599 0.9983
2.604 0.9983
2.606 0.9983
2.61 0.9983
2.614 0.9983
2.617 0.9983
2.621 0.9983
2.625 0.9983
2.626 0.9983
2.629 0.9983
2.632 0.9983
2.635 0.9983
2.637 0.9984
2.641 0.9984
2.643 0.9984
2.644 0.9984
2.645 0.9984
2.646 0.9984
2.648 0.9984
2.652 0.9984
2.655 0.9984
2.656 0.9984
2.657 0.9984
2.66 0.9984
2.663 0.9984
2.664 0.9985
2.665 0.9985
2.666 0.9985
2.667 0.9985
2.668 0.9985
2.669 0.9985
2.671 0.9985
2.672 0.9985
2.676 0.9985
2.679 0.9985
2.681 0.9985
2.682 0.9985
2.687 0.9985
2.693 0.9985
2.695 0.9985
2.697 0.9985
2.698 0.9986
2.7 0.9986
2.701 0.9986
2.704 0.9986
2.705 0.9986
2.706 0.9986
2.707 0.9986
2.71 0.9986
2.711 0.9986
2.712 0.9986
2.715 0.9986
2.722 0.9986
2.723 0.9986
2.724 0.9986
2.726 0.9987
2.727 0.9987
2.732 0.9987
2.737 0.9987
2.739 0.9987
2.741 0.9987
2.747 0.9987
2.751 0.9987
2.754 0.9987
2.758 0.9987
2.759 0.9987
2.761 0.9987
2.762 0.9987
2.765 0.9987
2.766 0.9988
2.768 0.9988
2.775 0.9988
2.777 0.9988
2.778 0.9988
2.785 0.9988
2.786 0.9988
2.787 0.9988
2.789 0.9988
2.791 0.9988
2.796 0.9988
2.798 0.9988
2.799 0.9989
2.803 0.9989
2.804 0.9989
2.808 0.9989
2.81 0.9989
2.812 0.9989
2.817 0.9989
2.819 0.9989
2.821 0.9989
2.822 0.9989
2.827 0.9989
2.829 0.9989
2.83 0.9989
2.84 0.9989
2.841 0.9989
2.843 0.999
2.845 0.999
2.847 0.999
2.852 0.999
2.857 0.999
2.861 0.999
2.862 0.999
2.865 0.999
2.872 0.999
2.875 0.999
2.877 0.999
2.878 0.999
2.884 0.999
2.891 0.9991
2.903 0.9991
2.904 0.9991
2.906 0.9991
2.912 0.9991
2.913 0.9991
2.919 0.9991
2.92 0.9991
2.922 0.9991
2.924 0.9991
2.927 0.9991
2.928 0.9991
2.93 0.9991
2.933 0.9992
2.934 0.9992
2.938 0.9992
2.945 0.9992
2.947 0.9992
2.95 0.9992
2.954 0.9992
2.955 0.9992
2.958 0.9992
2.96 0.9992
2.976 0.9992
2.978 0.9992
2.984 0.9992
2.985 0.9992
2.986 0.9992
2.989 0.9993
2.992 0.9993
2.995 0.9993
2.998 0.9993
3.003 0.9993
3.005 0.9993
3.009 0.9993
3.019 0.9993
3.024 0.9993
3.038 0.9993
3.046 0.9993
3.053 0.9993
3.057 0.9993
3.066 0.9993
3.067 0.9993
3.084 0.9993
3.103 0.9994
3.104 0.9994
3.122 0.9994
3.123 0.9994
3.128 0.9994
3.131 0.9994
3.135 0.9994
3.138 0.9994
3.145 0.9994
3.152 0.9994
3.163 0.9994
3.167 0.9994
3.171 0.9994
3.178 0.9994
3.18 0.9994
3.182 0.9995
3.189 0.9995
3.196 0.9995
3.2 0.9995
3.205 0.9995
3.207 0.9995
3.228 0.9995
3.229 0.9995
3.243 0.9995
3.252 0.9995
3.257 0.9995
3.265 0.9995
3.267 0.9995
3.269 0.9995
3.271 0.9995
3.272 0.9995
3.277 0.9995
3.312 0.9996
3.315 0.9996
3.317 0.9996
3.323 0.9996
3.342 0.9996
3.346 0.9996
3.351 0.9996
3.363 0.9996
3.386 0.9996
3.39 0.9996
3.412 0.9996
3.416 0.9996
3.422 0.9996
3.437 0.9996
3.441 0.9996
3.459 0.9996
3.467 0.9997
3.472 0.9997
3.475 0.9997
3.504 0.9997
3.54 0.9997
3.547 0.9997
3.548 0.9997
3.568 0.9997
3.611 0.9997
3.709 0.9997
3.716 0.9997
3.722 0.9997
3.741 0.9997
3.75 0.9997
3.754 0.9997
3.762 0.9998
3.775 0.9998
3.785 0.9998
3.818 0.9998
3.823 0.9998
3.836 0.9998
3.88 0.9998
3.895 0.9998
3.915 0.9998
3.94 0.9998
4.011 0.9998
4.012 0.9998
4.04 0.9998
4.045 0.9998
4.068 0.9998
4.145 0.9998
4.15 0.9999
4.263 0.9999
4.409 0.9999
4.412 0.9999
4.501 0.9999
4.511 0.9999
4.604 0.9999
4.626 0.9999
4.665 0.9999
5.24 0.9999
5.305 0.9999
5.406 0.9999
5.497 0.9999
5.527 0.9999
5.799 0.9999
6.08 0.9999
6.451 1
7.17 1
7.946 1
9.599 1
11.118 1
17.54 1
22.052 1
30.387 1
699.022 1
