3 0
6 0
8 0.0001
24 0.0009
26 0.0012
30 0.0012
34 0.0014
36 0.0015
39 0.0015
40 0.0016
44 0.0017
46 0.0018
48 0.002
49 0.0021
50 0.0027
51 0.0028
54 0.0028
56 0.0029
57 0.0029
58 0.003
60 0.0031
62 0.0031
64 0.0032
65 0.0033
66 0.0034
69 0.004
70 0.004
71 0.0041
72 0.007
73 0.007
75 0.0092
76 0.0092
80 0.0092
81 0.0093
82 0.0094
83 0.0094
84 0.0095
85 0.0096
86 0.0096
87 0.0097
88 0.01
89 0.01
90 0.0102
91 0.0102
92 0.0103
93 0.0103
94 0.0105
95 0.0106
96 0.1403
97 0.1404
98 0.141
99 0.1412
100 0.1417
101 0.142
102 0.1424
103 0.1424
104 0.1435
105 0.1435
106 0.1442
107 0.1443
108 0.1452
109 0.1452
110 0.1458
111 0.1459
112 0.1463
113 0.1463
114 0.1466
115 0.1468
116 0.1472
117 0.1472
118 0.1474
119 0.1474
120 0.1481
121 0.1482
122 0.1488
123 0.149
124 0.1491
125 0.1494
126 0.15
127 0.15
128 0.1508
129 0.1509
130 0.1513
131 0.1513
132 0.1517
133 0.1518
134 0.1524
135 0.1524
136 0.1527
138 0.1531
139 0.1532
140 0.1537
141 0.1538
142 0.1546
143 0.1547
144 0.1693
145 0.1694
146 0.1697
147 0.1699
148 0.1709
149 0.171
150 0.1717
151 0.1719
152 0.1722
153 0.1724
154 0.1733
155 0.1734
156 0.1747
157 0.1749
158 0.1755
159 0.1756
160 0.1764
161 0.1768
162 0.1777
163 0.1778
164 0.1783
165 0.1785
166 0.1792
167 0.1794
168 0.182
169 0.1823
170 0.1828
171 0.1836
172 0.1844
173 0.1847
174 0.1854
175 0.1857
176 0.1861
177 0.1866
178 0.1882
179 0.1885
180 0.1893
181 0.1897
182 0.1905
183 0.1911
184 0.1917
185 0.1919
186 0.1924
187 0.1927
188 0.194
189 0.1944
190 0.1952
191 0.1954
192 0.2061
193 0.2063
194 0.2067
195 0.2069
196 0.2077
197 0.208
198 0.2084
199 0.2087
200 0.2092
201 0.2094
202 0.2105
203 0.2107
204 0.2116
205 0.2119
206 0.2147
207 0.2148
208 0.2152
209 0.2155
210 0.2172
211 0.2175
212 0.2182
213 0.2183
214 0.2186
215 0.2186
216 0.2191
217 0.2192
218 0.2197
219 0.2199
220 0.2205
221 0.2206
222 0.2216
223 0.2217
224 0.222
225 0.2224
226 0.2229
227 0.223
228 0.2233
229 0.2236
230 0.2252
231 0.2255
232 0.2258
233 0.2259
234 0.227
235 0.2271
236 0.2272
237 0.2274
238 0.2276
239 0.2277
240 0.2286
241 0.2286
242 0.2291
243 0.2293
244 0.2299
245 0.2301
246 0.2309
247 0.2313
248 0.2316
249 0.2318
250 0.232
251 0.2322
252 0.2326
253 0.2328
254 0.2329
255 0.2331
256 0.2336
257 0.2336
258 0.2338
259 0.2339
260 0.2346
261 0.2347
262 0.235
263 0.2351
264 0.2356
265 0.2358
266 0.2361
267 0.2363
268 0.2366
269 0.2366
270 0.237
271 0.2371
272 0.2373
273 0.2374
274 0.2376
275 0.2378
276 0.2381
277 0.2382
278 0.2385
279 0.2387
280 0.2389
281 0.239
282 0.2391
283 0.2394
284 0.2397
285 0.2398
286 0.2401
287 0.2402
288 0.2405
289 0.2406
290 0.2409
291 0.2409
292 0.2414
293 0.2415
294 0.2418
295 0.2419
296 0.242
297 0.2422
298 0.2424
299 0.2425
300 0.2428
301 0.2432
302 0.2432
303 0.2433
304 0.2435
306 0.2437
307 0.2438
308 0.2439
309 0.2439
310 0.2441
311 0.2442
312 0.2445
313 0.2447
314 0.2449
315 0.2456
316 0.2465
317 0.2466
318 0.2471
319 0.2473
320 0.2474
321 0.2475
322 0.2478
323 0.2479
324 0.2482
325 0.2485
326 0.2533
327 0.2534
328 0.2538
329 0.2539
330 0.254
331 0.2541
332 0.2544
333 0.2548
334 0.2551
335 0.2554
336 0.2557
337 0.2559
338 0.2561
339 0.2562
340 0.2567
341 0.2569
342 0.2573
343 0.2573
344 0.2574
345 0.2577
346 0.258
347 0.2581
348 0.2583
349 0.2584
350 0.2585
351 0.2589
352 0.259
353 0.2591
354 0.2593
355 0.2593
356 0.2596
357 0.2596
358 0.26
359 0.2601
360 0.2604
361 0.2605
362 0.2606
363 0.2608
364 0.2614
365 0.2614
366 0.2616
367 0.2616
368 0.2618
369 0.2619
370 0.2621
371 0.2621
372 0.2622
373 0.2623
374 0.2625
375 0.2627
376 0.2628
377 0.2629
378 0.2633
379 0.2633
380 0.2635
381 0.2636
382 0.2637
383 0.2638
384 0.2642
385 0.2643
386 0.2645
387 0.2646
388 0.2647
389 0.2647
390 0.2648
391 0.2648
392 0.2652
393 0.2652
394 0.2654
395 0.2655
396 0.2658
397 0.2659
398 0.2662
399 0.2662
400 0.2663
401 0.2663
402 0.2666
403 0.2666
404 0.2673
405 0.2676
406 0.2677
408 0.2679
409 0.268
410 0.2682
411 0.2682
412 0.2684
413 0.2686
414 0.2688
415 0.2689
416 0.2696
417 0.2697
418 0.2698
419 0.2699
420 0.2701
421 0.2702
422 0.2703
423 0.2704
424 0.2708
425 0.2708
426 0.2711
427 0.2712
428 0.2714
429 0.2714
430 0.2715
431 0.2715
432 0.272
433 0.272
434 0.2721
435 0.2722
436 0.2722
437 0.2722
438 0.2724
439 0.2724
440 0.2725
441 0.2726
442 0.2726
443 0.2726
444 0.2727
445 0.2728
446 0.2729
447 0.273
448 0.2733
449 0.2733
450 0.2735
451 0.2736
452 0.2737
453 0.2738
454 0.2739
455 0.274
456 0.2743
458 0.2743
460 0.2747
461 0.2747
462 0.2749
463 0.275
464 0.2751
465 0.2752
466 0.2755
467 0.2755
468 0.2759
469 0.2761
470 0.2762
471 0.2762
472 0.2764
473 0.2764
474 0.2766
475 0.2767
476 0.2767
477 0.2768
478 0.2777
479 0.2777
480 0.2781
481 0.2781
482 0.2783
483 0.2783
484 0.2784
486 0.2785
487 0.2786
488 0.2788
489 0.2795
490 0.2807
491 0.2807
492 0.2807
493 0.2808
494 0.2809
496 0.2809
497 0.2809
498 0.2809
499 0.2809
500 0.281
502 0.2811
503 0.2811
504 0.2813
505 0.2813
507 0.2813
509 0.2814
510 0.2816
511 0.2816
512 0.2848
514 0.2848
515 0.2848
516 0.2849
517 0.2849
518 0.2849
519 0.285
520 0.2851
522 0.2851
523 0.2852
524 0.2854
525 0.2855
526 0.2856
527 0.2856
528 0.2856
530 0.286
531 0.286
532 0.2862
533 0.2863
534 0.2863
535 0.2883
536 0.2883
537 0.2884
538 0.2885
539 0.2885
540 0.2886
542 0.2888
543 0.2889
544 0.2891
545 0.2891
546 0.2894
549 0.2895
550 0.2895
551 0.2895
552 0.2897
553 0.2898
554 0.2898
555 0.2899
556 0.2901
557 0.2902
558 0.2902
559 0.2902
560 0.2903
561 0.2903
562 0.2904
563 0.2904
564 0.2904
565 0.2905
566 0.2906
567 0.2907
568 0.2907
570 0.2909
572 0.291
573 0.291
574 0.2911
575 0.2911
576 0.2913
577 0.2914
578 0.2914
579 0.2915
580 0.2915
581 0.2916
582 0.2916
583 0.2917
584 0.2918
585 0.2918
586 0.2922
588 0.2924
589 0.2925
590 0.2925
591 0.2926
592 0.2927
593 0.2928
594 0.2928
596 0.2928
597 0.2928
598 0.2929
599 0.293
600 0.2931
602 0.2931
604 0.2932
605 0.2932
606 0.2933
607 0.2933
608 0.2934
609 0.2935
610 0.2935
611 0.2935
612 0.2936
613 0.2937
615 0.2938
616 0.2939
617 0.2939
618 0.2939
619 0.2939
620 0.294
621 0.2941
622 0.2942
623 0.2942
624 0.2943
627 0.2943
630 0.2943
633 0.2944
634 0.2945
638 0.2945
639 0.2946
640 0.2947
641 0.2947
642 0.2948
643 0.2948
644 0.2949
645 0.2949
646 0.2949
647 0.2949
648 0.2952
650 0.2953
651 0.2953
652 0.2954
653 0.2954
654 0.2955
655 0.2956
656 0.2956
659 0.2956
660 0.2957
661 0.2957
662 0.2958
663 0.2958
664 0.2959
665 0.2959
666 0.296
667 0.2961
669 0.2961
670 0.2962
672 0.2962
673 0.2963
674 0.2963
675 0.2963
677 0.2964
678 0.2964
680 0.2965
681 0.2965
682 0.2966
684 0.2966
689 0.2967
690 0.2967
692 0.2967
693 0.2968
694 0.2968
696 0.297
700 0.297
701 0.297
702 0.297
704 0.297
705 0.2971
708 0.2972
709 0.2972
710 0.2973
712 0.2974
713 0.2975
714 0.2975
715 0.2976
716 0.2976
717 0.2977
720 0.2978
724 0.2978
726 0.2979
727 0.2979
728 0.2979
729 0.298
730 0.298
731 0.298
732 0.2981
733 0.2981
736 0.2982
737 0.2982
740 0.2982
741 0.2983
742 0.2983
745 0.2983
747 0.2984
748 0.2984
750 0.2985
751 0.2985
752 0.2985
753 0.2986
754 0.2986
755 0.2987
756 0.2988
758 0.2988
759 0.2989
760 0.299
761 0.299
763 0.299
764 0.2992
766 0.2992
767 0.2993
768 0.2993
769 0.2993
770 0.2993
772 0.2994
776 0.2994
778 0.2994
780 0.2995
782 0.2995
784 0.2996
785 0.2996
786 0.2997
788 0.2997
789 0.2997
791 0.2998
792 0.2998
794 0.2998
795 0.2999
796 0.3
798 0.3
800 0.3001
804 0.3001
805 0.3001
806 0.3002
808 0.3002
809 0.3002
810 0.3002
812 0.3002
814 0.3003
815 0.3003
816 0.3003
818 0.3004
819 0.3004
823 0.3004
826 0.3005
828 0.3005
830 0.3005
831 0.3005
834 0.3006
835 0.3006
836 0.3007
839 0.3007
843 0.3007
844 0.3008
845 0.3008
846 0.3008
848 0.3008
850 0.3009
852 0.3009
855 0.301
857 0.301
858 0.301
859 0.3011
860 0.3011
863 0.3011
864 0.3014
867 0.3014
868 0.3015
873 0.3015
874 0.3015
876 0.3016
877 0.3017
878 0.3017
879 0.3018
882 0.3018
884 0.3018
886 0.3018
888 0.3019
889 0.3019
894 0.3019
895 0.302
896 0.302
897 0.302
900 0.3021
902 0.3021
903 0.3022
904 0.3022
906 0.3022
907 0.3023
908 0.3024
910 0.3024
912 0.3024
913 0.3025
915 0.3025
917 0.3025
919 0.3026
920 0.3026
921 0.3026
924 0.3026
925 0.3026
926 0.3027
928 0.3027
929 0.3027
930 0.3029
935 0.3029
936 0.303
939 0.303
940 0.303
941 0.3031
942 0.3031
944 0.3032
945 0.3032
947 0.3032
949 0.3033
951 0.3033
954 0.3034
955 0.3034
956 0.3035
957 0.3035
959 0.3036
960 0.3036
962 0.3037
963 0.3037
965 0.3038
966 0.3039
967 0.3039
968 0.3039
969 0.304
970 0.304
971 0.304
972 0.3044
973 0.3045
974 0.3046
976 0.3046
977 0.3046
979 0.3047
980 0.3048
981 0.3048
983 0.3048
986 0.3049
990 0.3049
991 0.3049
992 0.3049
993 0.305
994 0.3051
995 0.3051
996 0.3053
997 0.3053
998 0.3053
999 0.3054
1001 0.3054
1003 0.3054
1005 0.3054
1008 0.3055
1009 0.3055
1011 0.3055
1012 0.3056
1013 0.3056
1015 0.3056
1018 0.3057
1020 0.3058
1022 0.3058
1024 0.3059
1034 0.3059
1035 0.306
1040 0.306
1041 0.3061
1042 0.3061
1043 0.3061
1044 0.3061
1047 0.3061
1048 0.3062
1049 0.3063
1052 0.3063
1053 0.3063
1055 0.3064
1057 0.3065
1059 0.3065
1060 0.3065
1061 0.3065
1062 0.3066
1064 0.3066
1065 0.3067
1066 0.3067
1067 0.3068
1068 0.3068
1069 0.3069
1071 0.307
1072 0.307
1075 0.3071
1079 0.3071
1080 0.3076
1083 0.3077
1084 0.3078
1085 0.3078
1086 0.3078
1087 0.3079
1088 0.3079
1091 0.3087
1092 0.3087
1095 0.3087
1096 0.3088
1100 0.3089
1101 0.3089
1102 0.309
1103 0.309
1104 0.309
1110 0.3091
1111 0.3091
1113 0.3091
1118 0.3092
1121 0.3092
1125 0.3093
1126 0.3093
1128 0.3093
1129 0.3094
1133 0.3094
1134 0.3095
1136 0.3095
1137 0.3095
1139 0.3096
1140 0.3096
1144 0.3096
1145 0.3097
1146 0.3097
1148 0.3097
1149 0.3097
1150 0.3098
1151 0.3098
1154 0.3098
1155 0.3098
1156 0.3099
1161 0.31
1164 0.31
1168 0.31
1172 0.3101
1176 0.3101
1179 0.3102
1180 0.3102
1182 0.3103
1183 0.3103
1184 0.3104
1188 0.3115
1189 0.3115
1192 0.3116
1194 0.3116
1198 0.3116
1200 0.3117
1202 0.3117
1203 0.3118
1205 0.3118
1207 0.3119
1208 0.312
1214 0.312
1216 0.312
1225 0.3121
1229 0.3121
1232 0.3121
1233 0.3122
1235 0.3122
1240 0.3122
1245 0.3122
1247 0.3123
1248 0.3123
1253 0.3123
1258 0.3124
1260 0.3125
1263 0.3125
1268 0.3125
1271 0.3126
1277 0.3127
1279 0.3127
1280 0.3127
1281 0.3127
1282 0.3128
1284 0.3128
1287 0.3129
1291 0.3129
1292 0.3129
1293 0.3129
1294 0.3131
1296 0.3145
1297 0.3145
1301 0.3146
1302 0.3146
1303 0.3147
1304 0.3147
1312 0.3148
1315 0.3148
1317 0.3148
1326 0.3149
1334 0.3149
1340 0.315
1341 0.315
1344 0.315
1348 0.3151
1354 0.3152
1359 0.3152
1362 0.3152
1363 0.3153
1368 0.3154
1370 0.3155
1372 0.3155
1379 0.3155
1383 0.3156
1385 0.3156
1386 0.3156
1392 0.3156
1394 0.3157
1396 0.3157
1397 0.3157
1404 0.3178
1409 0.3179
1413 0.3179
1418 0.3179
1421 0.318
1432 0.3181
1436 0.3181
1442 0.3181
1452 0.3182
1455 0.3182
1458 0.3182
1462 0.3183
1464 0.3183
1466 0.3183
1470 0.3184
1472 0.3184
1474 0.3185
1476 0.3186
1478 0.3186
1480 0.3187
1484 0.3188
1485 0.3188
1486 0.3188
1490 0.3188
1492 0.3189
1494 0.319
1496 0.319
1500 0.3193
1501 0.3194
1503 0.3194
1509 0.3195
1510 0.3195
1512 0.3217
1527 0.3217
1528 0.3218
1533 0.3218
1534 0.3218
1535 0.3219
1540 0.322
1544 0.322
1548 0.322
1553 0.322
1558 0.3221
1567 0.3221
1570 0.3222
1571 0.3223
1572 0.3223
1573 0.3223
1578 0.3224
1584 0.3225
1587 0.3226
1592 0.3226
1593 0.3227
1608 0.3227
1615 0.3227
1620 0.3252
1633 0.3253
1635 0.3255
1638 0.3256
1640 0.3303
1642 0.3304
1650 0.3304
1656 0.3304
1658 0.3305
1663 0.3305
1669 0.3305
1670 0.3305
1672 0.3306
1674 0.3306
1679 0.3306
1683 0.3306
1691 0.3306
1695 0.3307
1706 0.3307
1708 0.3307
1710 0.3307
1713 0.3308
1728 0.3308
1730 0.3308
1738 0.3309
1740 0.3309
1744 0.3309
1748 0.3309
1761 0.331
1766 0.331
1771 0.331
1773 0.331
1799 0.331
1805 0.3311
1807 0.3311
1813 0.3311
1822 0.3311
1825 0.3312
1852 0.3312
1857 0.3312
1872 0.3313
1890 0.3313
1896 0.3313
1897 0.3313
1900 0.3314
1907 0.3314
1915 0.3314
1916 0.3314
1941 0.3316
1948 0.3316
1962 0.3317
2015 0.3317
2016 0.3317
2017 0.3317
2022 0.3318
2024 0.3318
2028 0.3318
2038 0.3318
2040 0.3319
2042 0.3319
2046 0.332
2052 0.332
2053 0.332
2063 0.332
2065 0.3321
2075 0.3321
2077 0.3321
2080 0.3321
2092 0.3322
2097 0.3322
2103 0.3322
2111 0.3322
2134 0.3323
2139 0.3323
2151 0.3323
2152 0.3323
2164 0.3324
2198 0.3324
2204 0.3324
2235 0.3325
2237 0.3325
2251 0.3325
2259 0.3325
2261 0.3325
2265 0.3326
2271 0.3326
2295 0.3326
2299 0.3327
2306 0.3327
2314 0.3327
2327 0.3327
2332 0.3328
2334 0.3328
2340 0.3329
2357 0.3329
2385 0.3329
2393 0.333
2411 0.333
2413 0.333
2415 0.3331
2425 0.3331
2460 0.3333
2466 0.3333
2468 0.3333
2470 0.3334
2477 0.3334
2480 0.3334
2482 0.3334
2489 0.3335
2508 0.3335
2527 0.3335
2550 0.3335
2588 0.3336
2590 0.3336
2601 0.3336
2610 0.3336
2628 0.3337
2662 0.3337
2670 0.3337
2673 0.3338
2681 0.3338
2686 0.3338
2689 0.3339
2703 0.3339
2704 0.3339
2707 0.3339
2709 0.334
2756 0.334
2759 0.3341
2796 0.3341
2799 0.3341
2805 0.3342
2808 0.3343
2810 0.3343
2811 0.3343
2821 0.3343
2860 0.3344
2866 0.3344
2873 0.3345
2909 0.3345
2912 0.3346
2949 0.3347
2951 0.3347
2964 0.3349
2968 0.3349
2997 0.3349
3000 0.3349
3012 0.335
3015 0.335
3016 0.3351
3024 0.3351
3051 0.3352
3058 0.3352
3060 0.3352
3064 0.3352
3068 0.3354
3104 0.3354
3125 0.3355
3137 0.3355
3139 0.3355
3171 0.3355
3205 0.3356
3262 0.3356
3275 0.3356
3289 0.3356
3336 0.3357
3342 0.3357
3360 0.3357
3372 0.3357
3410 0.3357
3420 0.3358
3435 0.3358
3444 0.3358
3447 0.336
3489 0.336
3492 0.3361
3510 0.3361
3535 0.3361
3557 0.3361
3570 0.3362
3584 0.3362
3610 0.3362
3619 0.3362
3633 0.3363
3660 0.3363
3666 0.3363
3735 0.3364
3752 0.3364
3758 0.3364
3773 0.3364
3825 0.3365
3830 0.3366
3847 0.3366
3880 0.3368
3905 0.3368
3942 0.3369
4010 0.3369
4013 0.3369
4052 0.3369
4100 0.337
4118 0.337
4145 0.337
4150 0.337
4160 0.3371
4183 0.3371
4185 0.3371
4206 0.3371
4209 0.3372
4213 0.3374
4218 0.3374
4232 0.3374
4240 0.3375
4268 0.3377
4272 0.3377
4275 0.3377
4279 0.3377
4289 0.3378
4296 0.3378
4323 0.338
4350 0.338
4361 0.338
4371 0.338
4392 0.3381
4414 0.3381
4433 0.3381
4439 0.3382
4440 0.3382
4496 0.3382
4503 0.3383
4506 0.3383
4565 0.3384
4567 0.3384
4587 0.3384
4596 0.3389
4617 0.3389
4643 0.3389
4656 0.3392
4676 0.3392
4680 0.3392
4698 0.3392
4706 0.3393
4713 0.3393
4718 0.3393
4758 0.3393
4788 0.3394
4812 0.3394
4817 0.3394
4825 0.3395
4836 0.3395
4841 0.3396
4855 0.3396
4859 0.3396
4917 0.3396
4937 0.3396
4943 0.3397
4946 0.3397
4979 0.3402
4980 0.3403
4997 0.3403
5034 0.3404
5044 0.3408
5050 0.3408
5124 0.3408
5173 0.3409
5190 0.3409
5197 0.3409
5216 0.3409
5220 0.341
5239 0.3411
5244 0.3411
5287 0.3411
5335 0.3411
5349 0.3412
5354 0.3412
5355 0.3412
5362 0.3418
5364 0.3419
5382 0.3419
5395 0.342
5415 0.342
5423 0.342
5432 0.3425
5475 0.3425
5490 0.3426
5535 0.3426
5565 0.3427
5588 0.3427
5630 0.3427
5642 0.3428
5745 0.3432
5780 0.3432
5810 0.3433
5811 0.3434
5820 0.344
5827 0.344
5835 0.344
5843 0.3441
5850 0.3441
5866 0.3441
5877 0.3442
5911 0.3442
5913 0.3442
5916 0.3442
5956 0.3443
5966 0.3443
5990 0.3443
6045 0.3444
6053 0.3444
6060 0.3445
6064 0.3445
6071 0.3446
6084 0.3446
6153 0.3447
6162 0.3447
6184 0.3447
6225 0.345
6230 0.345
6258 0.345
6278 0.345
6316 0.3451
6334 0.3451
6376 0.3451
6380 0.3451
6433 0.3452
6474 0.3452
6484 0.3454
6492 0.3454
6503 0.3455
6522 0.3455
6538 0.3455
6574 0.3456
6588 0.3456
6614 0.3456
6634 0.3456
6705 0.3457
6711 0.3457
6763 0.3458
6765 0.3458
6800 0.3458
6837 0.3459
6874 0.3459
6954 0.3459
6968 0.346
7020 0.346
7086 0.346
7100 0.3461
7143 0.3461
7149 0.3461
7174 0.3464
7217 0.3465
7248 0.3465
7249 0.3465
7260 0.3465
7293 0.3466
7303 0.3466
7304 0.3467
7316 0.3467
7329 0.3467
7352 0.3467
7364 0.3467
7480 0.3468
7481 0.3468
7483 0.3468
7507 0.3469
7513 0.3469
7533 0.3469
7602 0.347
7617 0.347
7636 0.347
7653 0.347
7724 0.3471
7730 0.3471
7734 0.3474
7747 0.3474
7753 0.3475
7768 0.3541
7775 0.3541
7789 0.3542
7790 0.3543
7817 0.3544
7826 0.3544
7831 0.3544
7832 0.3545
7836 0.3545
7852 0.3545
7869 0.3545
7879 0.3546
7890 0.3546
7892 0.3546
7896 0.3552
7903 0.3553
7922 0.3553
7931 0.3553
7942 0.3553
7952 0.3554
7967 0.3555
7969 0.3555
7976 0.3555
7998 0.3555
8012 0.3556
8013 0.3556
8015 0.3556
8021 0.3557
8031 0.3557
8035 0.3557
8037 0.3558
8061 0.3558
8064 0.3558
8092 0.3559
8102 0.3559
8109 0.3559
8116 0.3559
8132 0.356
8154 0.356
8157 0.356
8160 0.3562
8162 0.3562
8164 0.3562
8166 0.3563
8172 0.3563
8190 0.3563
8292 0.3564
8330 0.3564
8423 0.3564
8424 0.3564
8460 0.3565
8486 0.3565
8595 0.3565
8656 0.3566
8663 0.3566
8840 0.3567
8910 0.3595
9225 0.3651
9230 0.3652
9360 0.3653
9435 0.3653
9520 0.3655
9552 0.3655
9726 0.3655
9738 0.3658
9769 0.3658
9807 0.3659
9882 0.3659
9940 0.3659
9942 0.366
9996 0.366
10014 0.3661
10050 0.3661
10200 0.3662
10346 0.3662
10354 0.3662
10392 0.3663
10393 0.3663
10530 0.3664
10612 0.3664
10620 0.3664
10650 0.3665
10724 0.3665
10740 0.3665
10748 0.3665
10761 0.3673
10820 0.3679
10830 0.3679
10852 0.3679
10905 0.368
10914 0.368
10956 0.3681
10980 0.3681
10995 0.3682
11010 0.3682
11017 0.3682
11056 0.3682
11096 0.3683
11147 0.3683
11167 0.3683
11184 0.3684
11236 0.3684
11258 0.3684
11322 0.3684
11355 0.3685
11368 0.3685
11370 0.3685
11403 0.3685
11523 0.3686
11538 0.3686
11550 0.3686
11601 0.3692
11603 0.3692
11652 0.3752
11670 0.3753
11685 0.3755
11700 0.3755
11712 0.3756
11748 0.3757
11764 0.3758
11769 0.3758
11813 0.3758
11820 0.3758
11829 0.3759
11844 0.3764
11850 0.3764
11896 0.3765
11900 0.3765
11902 0.3773
11909 0.3774
11928 0.3774
11938 0.3774
11945 0.3774
11958 0.3775
11967 0.3775
11972 0.3775
11993 0.3775
12002 0.3775
12004 0.3776
12023 0.3776
12024 0.3776
12042 0.3777
12054 0.3777
12069 0.3778
12091 0.3778
12099 0.3778
12107 0.3779
12112 0.3779
12124 0.3779
12158 0.3779
12176 0.378
12206 0.378
12211 0.378
12228 0.3781
12235 0.3781
12239 0.3781
12547 0.3781
12635 0.3782
12638 0.3786
12710 0.3786
12870 0.3787
12888 0.3787
12984 0.3795
12990 0.3795
13012 0.3796
13059 0.3796
13079 0.3796
13083 0.3796
13200 0.3797
13335 0.3797
13588 0.3797
13695 0.3797
13732 0.3798
13740 0.3798
13757 0.3798
13820 0.3798
14040 0.3799
14066 0.3817
14216 0.3817
14304 0.3817
14348 0.3821
14421 0.3821
14428 0.3821
14440 0.3822
14540 0.3822
14600 0.3823
14608 0.3823
14766 0.3824
14767 0.3824
14816 0.3824
14846 0.3824
14905 0.3825
14936 0.3825
14943 0.3825
14986 0.3825
15004 0.3826
15036 0.3826
15040 0.3826
15094 0.3826
15095 0.3826
15148 0.3842
15150 0.3843
15210 0.3843
15298 0.3844
15343 0.3844
15452 0.3844
15468 0.3848
15470 0.3849
15536 0.392
15540 0.392
15580 0.3922
15617 0.3923
15664 0.3924
15675 0.3924
15708 0.3924
15716 0.3924
15753 0.3925
15772 0.3925
15792 0.3928
15807 0.3928
15823 0.3928
15828 0.3929
15837 0.3929
15874 0.3929
15879 0.3929
15926 0.3929
15958 0.393
15980 0.393
16004 0.393
16006 0.3931
16012 0.3931
16031 0.3931
16038 0.3931
16049 0.3932
16056 0.3932
16058 0.3932
16060 0.3933
16062 0.3933
16076 0.3933
16080 0.3933
16098 0.3934
16106 0.3934
16110 0.3963
16113 0.3964
16170 0.3964
16192 0.3964
16230 0.3984
16245 0.3986
16255 0.3987
16260 0.3987
16336 0.3987
16345 0.3988
16380 0.3996
16500 0.3997
16584 0.3997
16764 0.3997
17055 0.4027
17295 0.4058
17342 0.4058
17357 0.4059
17370 0.4059
17417 0.4059
17550 0.4071
17556 0.4071
17607 0.4072
17848 0.4072
17880 0.4073
17935 0.4076
18050 0.4081
18160 0.4081
18204 0.4081
18260 0.4083
18301 0.4083
18363 0.4083
18416 0.4083
18538 0.4083
18690 0.4084
18751 0.4084
18767 0.4084
18957 0.4087
18967 0.4087
18980 0.4087
18989 0.4088
19029 0.4088
19068 0.4088
19167 0.4088
19335 0.4093
19382 0.4094
19420 0.4158
19448 0.4158
19475 0.4159
19520 0.416
19523 0.416
19580 0.4162
19668 0.4162
19715 0.4162
19740 0.4167
19784 0.4168
19803 0.4168
19817 0.4168
19855 0.4178
19880 0.4178
19885 0.4179
19896 0.4179
19901 0.4179
19904 0.4179
19952 0.418
19958 0.418
19982 0.418
20014 0.418
20047 0.4181
20066 0.4181
20079 0.4182
20082 0.4183
20122 0.4183
20132 0.4183
20193 0.4183
20196 0.4184
20206 0.4184
20232 0.4184
20250 0.4185
20253 0.4185
20298 0.4185
20299 0.4185
20377 0.4185
20406 0.4186
20440 0.4186
20639 0.4186
20748 0.4186
20863 0.4187
20985 0.4187
21155 0.4187
21249 0.4187
21456 0.4188
21522 0.4192
21660 0.4207
21834 0.4207
21900 0.4208
21912 0.4209
22264 0.4209
22310 0.4211
22428 0.4212
22552 0.4212
22553 0.4212
22718 0.4213
22803 0.4213
22883 0.4213
22920 0.4213
22948 0.4213
23006 0.4214
23019 0.4214
23058 0.4214
23153 0.4214
23202 0.4218
23244 0.4218
23304 0.4291
23370 0.4296
23465 0.4317
23479 0.4318
23496 0.432
23562 0.4321
23588 0.4321
23595 0.4321
23598 0.4321
23688 0.4327
23773 0.4327
23848 0.4327
23860 0.4327
23870 0.4328
23927 0.4328
23980 0.4328
24004 0.4329
24036 0.4329
24039 0.433
24046 0.433
24066 0.433
24092 0.4331
24095 0.4331
24100 0.4331
24101 0.4331
24144 0.4331
24157 0.4332
24297 0.4332
24302 0.4332
24352 0.4332
24541 0.4338
24681 0.4338
24694 0.4338
25032 0.4339
25109 0.4344
25114 0.4344
25198 0.4344
25270 0.4363
25276 0.4366
25299 0.4366
25560 0.4366
25564 0.4367
25677 0.4367
26152 0.4367
26487 0.4368
26631 0.4368
26679 0.4368
26772 0.4375
26820 0.4375
26837 0.4376
27001 0.4376
27069 0.438
27075 0.4392
27188 0.4467
27265 0.4471
27328 0.4471
27358 0.4472
27368 0.4472
27412 0.4474
27588 0.4474
27600 0.4474
27636 0.4482
27640 0.4482
27826 0.4483
27841 0.4483
27869 0.4483
27881 0.4483
27944 0.4484
27978 0.4484
28012 0.4484
28013 0.4484
28022 0.4485
28032 0.4485
28035 0.4485
28048 0.4485
28063 0.4485
28064 0.4486
28084 0.4486
28115 0.4486
28116 0.4487
28118 0.4487
28121 0.4487
28141 0.4487
28159 0.4488
28161 0.4488
28241 0.4488
28376 0.4488
28562 0.4489
28696 0.4496
28879 0.4496
28947 0.4496
29003 0.4505
29129 0.4505
29135 0.4505
29216 0.4505
29392 0.4506
29421 0.4507
29571 0.4507
30338 0.4508
30360 0.4508
30372 0.4509
30463 0.4509
30486 0.4509
30490 0.451
30768 0.451
30820 0.451
30894 0.451
30936 0.4515
31039 0.4515
31042 0.4516
31072 0.4619
31160 0.4627
31179 0.4627
31232 0.4627
31234 0.4635
31275 0.4635
31276 0.4635
31328 0.464
31416 0.4644
31544 0.4644
31584 0.4654
31595 0.4655
31763 0.4655
31852 0.4655
31870 0.4656
31929 0.4656
31935 0.4656
31943 0.4656
31948 0.4657
31957 0.4657
31971 0.4657
31972 0.4657
32000 0.4658
32022 0.4658
32051 0.4658
32055 0.4659
32064 0.4659
32124 0.4659
32153 0.4659
32190 0.466
32191 0.466
32217 0.466
32238 0.466
32283 0.467
32331 0.4671
32403 0.4671
32441 0.4671
32463 0.4671
32486 0.4671
32514 0.4672
32690 0.4674
32732 0.4674
32868 0.4677
32903 0.4677
33120 0.4678
33168 0.4679
33323 0.4679
33465 0.4688
33735 0.4688
33954 0.4688
33984 0.4688
34095 0.4689
34101 0.4689
34113 0.4689
34203 0.4689
34736 0.469
34803 0.4697
34818 0.4697
34956 0.4858
34996 0.4858
35019 0.4858
35041 0.4859
35055 0.4864
35136 0.4865
35199 0.4866
35244 0.487
35268 0.487
35343 0.4875
35434 0.4877
35532 0.4889
35625 0.4889
35803 0.489
35805 0.489
35870 0.4906
35879 0.4907
35880 0.4907
35929 0.4907
35959 0.491
36008 0.491
36011 0.491
36017 0.491
36019 0.4911
36047 0.4911
36056 0.4911
36058 0.4911
36070 0.4911
36124 0.4912
36135 0.4912
36142 0.4912
36163 0.4913
36165 0.4913
36171 0.4913
36229 0.4913
36253 0.4914
36267 0.4914
36368 0.4914
36499 0.4914
36520 0.4918
36635 0.4918
36655 0.4918
37408 0.4919
37646 0.4919
37773 0.4919
37914 0.4923
37965 0.4924
38100 0.4924
38210 0.4924
38276 0.4925
38460 0.4925
38640 0.4926
38670 0.4931
38696 0.4931
38817 0.4932
38840 0.5197
38950 0.5207
39040 0.5207
39150 0.5208
39160 0.5216
39168 0.5217
39228 0.5222
39270 0.5226
39360 0.5226
39430 0.5227
39444 0.5227
39457 0.5257
39480 0.5279
39554 0.5279
39632 0.5279
39677 0.528
39860 0.5281
39879 0.5281
39880 0.5281
39933 0.5281
39962 0.5282
40030 0.5282
40042 0.5282
40044 0.5282
40075 0.5283
40080 0.5283
40081 0.5283
40095 0.5284
40123 0.5284
40124 0.5284
40154 0.5285
40172 0.5292
40194 0.5292
40195 0.5292
40213 0.5292
40309 0.5293
40327 0.5293
40456 0.5293
40898 0.5293
40921 0.5294
41175 0.5294
41268 0.5294
41400 0.5297
41460 0.5298
41910 0.5299
42050 0.5299
42124 0.5299
42306 0.53
42497 0.5305
42537 0.5314
42701 0.5315
42714 0.5315
42724 0.5739
42845 0.575
42944 0.5752
43006 0.5752
43044 0.5786
43076 0.5798
43197 0.5802
43284 0.5802
43296 0.5803
43428 0.5835
43791 0.5835
43811 0.5836
43824 0.5846
43827 0.5846
43906 0.5846
43942 0.5846
43960 0.5847
43967 0.5847
43969 0.5847
44013 0.5847
44061 0.5848
44070 0.5848
44091 0.5848
44096 0.5849
44105 0.5849
44157 0.5849
44181 0.585
44183 0.585
44203 0.585
44205 0.585
44233 0.5852
44242 0.5853
44250 0.5853
44260 0.5853
44266 0.5853
44271 0.5854
44301 0.5854
44312 0.5854
44325 0.5854
44352 0.5854
44375 0.5855
44397 0.5855
44484 0.5855
44676 0.5855
44693 0.5856
44818 0.5856
45167 0.5856
45720 0.5857
45766 0.5861
45792 0.5861
45914 0.5862
46152 0.5863
46291 0.5863
46300 0.5863
46404 0.5876
46479 0.5877
46596 0.5877
46608 0.6471
46631 0.6515
46740 0.6533
46848 0.6535
46891 0.6535
46992 0.6554
47124 0.6561
47232 0.6562
47376 0.6605
47424 0.6605
47476 0.6616
47520 0.6617
47603 0.6617
47842 0.6617
47883 0.6617
48043 0.6618
48046 0.6618
48054 0.6618
48056 0.6619
48098 0.6619
48100 0.6619
48136 0.6619
48137 0.6619
48165 0.662
48213 0.662
48224 0.662
48294 0.662
48308 0.6621
48318 0.6621
48324 0.6621
48364 0.6621
48377 0.6622
48388 0.6622
48393 0.6622
48404 0.6622
48412 0.6623
48527 0.6623
48610 0.6623
48641 0.6623
48774 0.6623
49035 0.6628
49184 0.6628
49530 0.663
49625 0.6631
49998 0.6631
50202 0.6631
50218 0.6673
50271 0.6689
50281 0.6689
50492 0.744
50498 0.7441
50552 0.7443
50635 0.7469
50684 0.747
50752 0.7472
50843 0.7472
50908 0.7502
51051 0.751
51128 0.7519
51259 0.752
51324 0.7583
51389 0.7583
51394 0.7583
51662 0.7583
51720 0.7584
51735 0.7584
51738 0.7584
51754 0.7584
51758 0.7585
51801 0.7585
51850 0.7585
51875 0.7585
51898 0.7586
51906 0.7586
51921 0.7586
51960 0.7586
51963 0.7586
51978 0.7587
51979 0.7587
51983 0.7587
51984 0.7587
51985 0.7588
51999 0.7588
52004 0.7588
52023 0.7588
52024 0.7589
52041 0.7589
52069 0.7589
52073 0.7589
52078 0.759
52081 0.759
52091 0.759
52105 0.759
52124 0.759
52125 0.7591
52140 0.7591
52145 0.7591
52163 0.7591
52176 0.7592
52183 0.7592
52185 0.7592
52191 0.7592
52214 0.7593
52218 0.7593
52229 0.7593
52257 0.7594
52265 0.7594
52268 0.7594
52294 0.7594
52295 0.7594
52306 0.7595
52309 0.7595
52326 0.7595
52339 0.7595
52366 0.7596
52372 0.7596
52392 0.7596
52419 0.7596
52452 0.7597
52460 0.7597
52510 0.7597
52526 0.7597
52619 0.7598
52624 0.7598
52712 0.7598
53077 0.7598
53340 0.7599
53689 0.76
53805 0.7653
53844 0.7654
54105 0.7654
54138 0.7672
54376 0.8386
54530 0.841
54656 0.8413
54754 0.8413
54780 0.8426
54824 0.8449
54978 0.8455
55104 0.8455
55124 0.8456
55272 0.8513
55411 0.8514
55536 0.8514
55572 0.8514
55594 0.8514
55700 0.8515
55720 0.8515
55769 0.8516
55782 0.8516
55822 0.8516
55839 0.8516
55845 0.8517
55886 0.8517
55895 0.8517
55899 0.8517
55962 0.8517
55987 0.8518
56000 0.8518
56042 0.8518
56057 0.8518
56058 0.8519
56073 0.8519
56086 0.8519
56098 0.852
56101 0.852
56102 0.852
56125 0.8521
56137 0.8521
56138 0.8521
56143 0.8521
56154 0.8522
56168 0.8522
56177 0.8522
56182 0.8523
56184 0.8523
56192 0.8523
56201 0.8523
56204 0.8524
56206 0.8524
56212 0.8524
56227 0.8525
56230 0.8525
56241 0.8525
56256 0.8525
56257 0.8525
56266 0.8526
56268 0.8526
56271 0.8526
56275 0.8526
56279 0.8527
56280 0.8527
56296 0.8527
56300 0.8527
56349 0.8528
56364 0.8528
56370 0.8528
56401 0.8528
56452 0.8529
56453 0.8529
56510 0.8529
56841 0.8529
56871 0.8529
57150 0.853
57366 0.853
57690 0.853
58005 0.8557
58260 0.944
58425 0.9466
58560 0.9467
58740 0.95
58905 0.9509
59040 0.9512
59131 0.9512
59220 0.9575
59344 0.9575
59374 0.9575
59436 0.9576
59467 0.9577
59491 0.9577
59535 0.9577
59543 0.9577
59546 0.9578
59560 0.9578
59578 0.9579
59590 0.958
59591 0.958
59602 0.9581
59637 0.9581
59640 0.9581
59642 0.9583
59657 0.9583
59661 0.9584
59663 0.9584
59677 0.9585
59694 0.9585
59718 0.9585
59734 0.9587
59756 0.9587
59757 0.9588
59758 0.9588
59766 0.9589
59770 0.959
59771 0.959
59775 0.9591
59776 0.9591
59779 0.9591
59780 0.9593
59791 0.9593
59793 0.9594
59803 0.9595
59814 0.9595
59820 0.9596
59822 0.9596
59827 0.9597
59828 0.9598
59833 0.9598
59840 0.9598
59843 0.9598
59844 0.9599
59851 0.9599
59864 0.96
59865 0.9602
59875 0.9603
59882 0.9605
59884 0.9606
59885 0.9607
59892 0.9607
59895 0.9608
59899 0.9608
59903 0.961
59904 0.961
59906 0.9611
59917 0.9611
59920 0.9612
59921 0.9613
59928 0.9614
59929 0.9615
59932 0.9616
59936 0.9616
59940 0.9617
59944 0.9617
59950 0.9619
59960 0.9619
59962 0.962
59966 0.9621
59969 0.9621
59970 0.9622
59985 0.9622
59990 0.9623
59991 0.9623
59993 0.9624
59997 0.9625
59998 0.9625
60000 0.9627
60004 0.9627
60005 0.9627
60006 0.9628
60007 0.9629
60011 0.9629
60012 0.963
60014 0.9632
60017 0.9632
60019 0.9633
60022 0.9634
60024 0.9634
60025 0.9635
60026 0.9636
60028 0.9636
60029 0.9637
60031 0.9637
60035 0.9639
60039 0.9639
60043 0.964
60052 0.964
60053 0.9641
60054 0.9641
60056 0.9642
60058 0.9643
60059 0.9644
60060 0.9645
60062 0.9646
60063 0.9647
60064 0.9648
60066 0.9648
60068 0.9649
60069 0.9649
60074 0.9649
60078 0.9651
60080 0.9651
60083 0.9652
60084 0.9653
60089 0.9653
60090 0.9654
60093 0.9655
60096 0.9655
60103 0.9656
60105 0.9657
60108 0.9657
60109 0.9659
60111 0.9659
60112 0.9659
60114 0.966
60115 0.9661
60117 0.9661
60119 0.9663
60120 0.9663
60121 0.9664
60122 0.9664
60125 0.9664
60126 0.9665
60128 0.9665
60129 0.9665
60130 0.9667
60132 0.9667
60133 0.9667
60135 0.9669
60139 0.9669
60140 0.9669
60143 0.967
60145 0.967
60146 0.9671
60148 0.9672
60150 0.9673
60154 0.9673
60159 0.9674
60161 0.9674
60162 0.9675
60164 0.9675
60165 0.9676
60166 0.9676
60167 0.9677
60169 0.9677
60170 0.968
60172 0.968
60176 0.9681
60177 0.9682
60181 0.9682
60182 0.9683
60186 0.9685
60190 0.9685
60191 0.9686
60194 0.9688
60195 0.9688
60196 0.9689
60197 0.9689
60202 0.9689
60207 0.9691
60208 0.9692
60211 0.9692
60215 0.9694
60216 0.9696
60218 0.9697
60219 0.9698
60224 0.9698
60227 0.9698
60229 0.97
60230 0.9701
60236 0.9702
60240 0.9703
60241 0.9704
60242 0.9705
60245 0.9705
60247 0.9707
60249 0.9708
60250 0.9708
60252 0.9709
60254 0.9709
60256 0.971
60257 0.971
60262 0.9712
60263 0.9712
60267 0.9712
60274 0.9713
60277 0.9714
60278 0.9715
60279 0.9715
60281 0.9718
60284 0.9718
60286 0.9719
60287 0.9719
60289 0.972
60292 0.9721
60294 0.9722
60295 0.9724
60296 0.9724
60297 0.9725
60298 0.9727
60299 0.9728
60300 0.9728
60301 0.9729
60302 0.973
60303 0.973
60306 0.9732
60308 0.9732
60310 0.9734
60313 0.9735
60314 0.9736
60316 0.9738
60317 0.9738
60318 0.9738
60320 0.9739
60322 0.9741
60324 0.9742
60325 0.9742
60326 0.9743
60328 0.9744
60329 0.9744
60331 0.9744
60332 0.9745
60335 0.9747
60336 0.9747
60337 0.975
60339 0.9751
60340 0.9751
60342 0.9751
60344 0.9752
60345 0.9753
60346 0.9755
60347 0.9756
60348 0.9757
60350 0.9757
60353 0.9758
60354 0.9758
60355 0.9758
60356 0.9759
60357 0.9759
60358 0.9759
60359 0.9759
60360 0.9761
60361 0.9762
60362 0.9762
60364 0.9763
60365 0.9764
60366 0.9765
60368 0.9765
60369 0.9765
60371 0.9765
60372 0.9766
60373 0.9767
60374 0.9767
60375 0.9767
60378 0.9768
60379 0.9768
60381 0.9768
60382 0.9769
60383 0.9769
60384 0.977
60385 0.977
60388 0.9771
60389 0.9771
60391 0.9771
60392 0.9772
60393 0.9772
60397 0.9772
60400 0.9773
60403 0.9774
60405 0.9775
60408 0.9775
60410 0.9776
60417 0.9776
60419 0.9777
60424 0.9778
60426 0.9779
60427 0.978
60432 0.9781
60434 0.9781
60452 0.9782
60453 0.9782
60465 0.9784
60468 0.9784
60470 0.9786
60472 0.9786
60475 0.9787
60480 0.9788
60482 0.9789
60485 0.9789
60492 0.979
60498 0.9791
60499 0.9792
60507 0.9792
60514 0.9793
60519 0.9794
60541 0.9795
60551 0.9796
60553 0.9797
60557 0.9797
60559 0.9798
60565 0.9799
60572 0.98
60573 0.9801
60577 0.9801
60581 0.9802
60584 0.9802
60588 0.9802
60601 0.9803
60602 0.9804
60605 0.9805
60609 0.9805
60645 0.9806
60646 0.9807
60650 0.9807
60653 0.9808
60654 0.9808
60658 0.9808
60676 0.9809
60707 0.9809
60736 0.9809
60770 0.981
60949 0.981
61132 0.981
62080 0.9811
62471 0.9811
62490 0.9811
62644 0.9811
62948 0.9811
63071 0.9812
63190 0.9813
63659 0.9813
64197 0.9813
64510 0.9813
64971 0.9814
65119 0.9814
65517 0.9814
66173 0.9814
66431 0.9815
66783 0.9815
67133 0.9815
68173 0.9815
69120 0.9815
69509 0.9817
69760 0.9817
69782 0.9817
70378 0.9817
70437 0.9818
70532 0.9818
70918 0.9818
71024 0.9818
71841 0.9819
72772 0.9819
75327 0.9819
75828 0.982
76938 0.982
77157 0.982
78244 0.982
78472 0.9821
78540 0.9821
80683 0.9821
80700 0.9822
80887 0.9822
81613 0.9822
81800 0.9822
81812 0.9822
82016 0.9823
84419 0.9823
84565 0.9823
84930 0.9823
85451 0.9824
86061 0.9824
86394 0.9824
86465 0.9825
86812 0.9825
87682 0.9825
88466 0.9826
88603 0.9826
88738 0.9826
89118 0.9826
89649 0.9827
89759 0.9827
90030 0.9827
91023 0.9827
91474 0.9828
92282 0.9828
93216 0.9828
94547 0.9828
94785 0.9835
94924 0.9835
95343 0.9836
96564 0.9836
96954 0.9836
97100 0.9836
97156 0.9837
97300 0.9837
97416 0.9837
97592 0.9837
97598 0.9838
97947 0.9838
98455 0.9838
98769 0.9838
98816 0.9838
98835 0.9871
99000 0.9871
99270 0.9872
99826 0.9872
100416 0.9872
102102 0.9873
102769 0.9873
103207 0.9874
103243 0.9874
103669 0.9874
104415 0.9874
105054 0.9874
105254 0.9875
105261 0.9875
105916 0.9875
106057 0.9875
106080 0.9876
106557 0.9876
106640 0.9876
107080 0.9876
107459 0.9877
108549 0.9877
108807 0.9877
109069 0.9877
109854 0.9878
110480 0.9878
110794 0.9878
111467 0.9878
112009 0.9878
112193 0.9879
112505 0.9879
112564 0.9879
112636 0.9879
113059 0.988
114392 0.988
116012 0.988
116504 0.988
117207 0.9881
117463 0.9881
117810 0.9881
117903 0.9882
119796 0.9882
120187 0.9882
120776 0.9882
120950 0.9882
121405 0.9883
121497 0.9883
122802 0.9883
122932 0.9883
123440 0.9884
123590 0.9884
124347 0.9884
124446 0.9884
126440 0.9885
126974 0.9885
129140 0.9885
129765 0.9885
130636 0.9886
131352 0.9886
131399 0.9886
132560 0.9886
132590 0.9886
132815 0.9887
133113 0.9887
134880 0.9887
135318 0.9887
135540 0.9888
135720 0.9888
136107 0.9888
136602 0.9888
136721 0.9889
136760 0.9889
137028 0.9889
138068 0.9889
138240 0.989
138246 0.989
138324 0.989
138363 0.989
138731 0.989
138968 0.9891
139211 0.9891
139606 0.9891
140080 0.9891
140480 0.9892
140749 0.9892
140844 0.9892
141048 0.9892
141100 0.9893
141309 0.9893
141520 0.9893
142147 0.9893
142857 0.9893
142909 0.9894
144537 0.9894
144592 0.9894
144722 0.9894
144974 0.9895
145763 0.9895
146316 0.9895
147293 0.9895
147297 0.9896
147338 0.9896
147372 0.9896
148014 0.9896
148027 0.9897
148585 0.9897
149248 0.9897
150111 0.9897
150717 0.9897
150909 0.9898
150940 0.9898
152131 0.9898
153192 0.9898
153494 0.9899
153731 0.9899
154441 0.9899
155015 0.9899
156707 0.99
157098 0.99
157555 0.99
158607 0.99
159552 0.9901
160032 0.9901
161047 0.9901
161918 0.9901
162449 0.9901
163729 0.9902
165406 0.9902
165626 0.9902
166135 0.9903
166475 0.9903
166524 0.9903
166587 0.9903
167273 0.9904
167862 0.9904
168746 0.9904
169136 0.9904
170453 0.9905
170963 0.9905
171160 0.9905
171712 0.9905
172041 0.9905
172364 0.9906
177648 0.9906
178261 0.9906
179183 0.9906
179339 0.9907
179354 0.9907
180277 0.9907
180350 0.9907
180822 0.9908
180847 0.9908
180881 0.9908
181912 0.9908
182329 0.9909
182400 0.9909
182889 0.9909
184060 0.9909
184174 0.9909
184332 0.991
186634 0.991
186878 0.991
187220 0.991
188014 0.9911
188609 0.9911
188786 0.9911
189240 0.9911
190725 0.9912
191664 0.9912
191820 0.9912
191964 0.9912
192239 0.9913
192887 0.9913
192945 0.9913
193282 0.9913
193614 0.9913
196677 0.9914
196993 0.9914
198989 0.9914
199619 0.9914
200578 0.9915
201070 0.9915
201927 0.9915
202424 0.9915
202608 0.9916
203917 0.9916
205520 0.9916
205659 0.9916
205745 0.9917
206043 0.9917
206387 0.9917
208698 0.9917
215991 0.9917
217272 0.9918
217773 0.9918
217802 0.9918
219154 0.9918
219971 0.9919
221718 0.9919
221739 0.9919
223629 0.9919
223790 0.992
226245 0.992
226248 0.992
226542 0.992
226980 0.9921
227352 0.9921
230751 0.9921
232938 0.9921
232971 0.9921
234897 0.9922
235906 0.9922
238404 0.9922
238875 0.9922
238990 0.9923
239197 0.9923
239408 0.9923
239478 0.9923
239897 0.9924
240221 0.9924
242313 0.9924
244213 0.9924
244944 0.9925
248109 0.9925
248130 0.9925
248140 0.9925
249741 0.9925
249773 0.9926
250587 0.9926
251058 0.9926
251340 0.9927
252242 0.9927
252510 0.9927
252539 0.9927
253120 0.9928
253616 0.9928
254507 0.9928
254886 0.9928
255220 0.9929
255370 0.9929
256807 0.9929
257098 0.9929
257332 0.9929
257986 0.993
259103 0.993
259554 0.993
259673 0.993
259831 0.9931
260623 0.9931
260631 0.9931
261676 0.9931
262089 0.9932
262389 0.9932
262449 0.9932
262560 0.9932
265089 0.9933
265902 0.9933
266379 0.9933
267275 0.9933
267403 0.9933
268948 0.9934
269148 0.9934
269741 0.9934
270350 0.9934
270557 0.9935
270590 0.9935
270739 0.9935
270821 0.9935
271400 0.9936
272818 0.9936
272954 0.9936
273757 0.9936
273990 0.9937
274662 0.9937
274842 0.9937
275290 0.9937
275363 0.9937
275906 0.9938
275932 0.9938
276555 0.9938
277273 0.9938
277627 0.9939
278041 0.9939
278955 0.9939
279452 0.9939
280228 0.994
281154 0.994
282460 0.994
283402 0.994
284007 0.9941
285120 0.9941
285857 0.9941
285934 0.9941
288349 0.9941
288507 0.9942
290132 0.9942
294681 0.9942
294800 0.9942
295389 0.9943
296700 0.9943
297562 0.9943
300973 0.9943
302605 0.9944
304550 0.9944
306759 0.9944
307128 0.9944
307392 0.9945
308146 0.9945
308564 0.9945
310981 0.9945
314107 0.9945
315700 0.9946
316489 0.9946
317848 0.9946
318859 0.9946
319000 0.9947
319293 0.9947
320234 0.9947
320490 0.9948
322812 0.9948
324297 0.9948
325096 0.9948
325998 0.9949
326463 0.9949
331505 0.9949
336467 0.9949
336595 0.9949
337387 0.995
338208 0.995
338884 0.995
339567 0.995
340794 0.9951
341280 0.9951
342413 0.9951
343227 0.9951
343389 0.9952
345291 0.9952
346333 0.9952
347261 0.9952
347769 0.9953
349051 0.9953
351669 0.9953
353887 0.9953
356091 0.9953
358215 0.9954
359867 0.9954
361995 0.9954
362055 0.9954
362714 0.9955
362976 0.9955
363175 0.9955
367830 0.9955
368175 0.9956
370139 0.9956
370671 0.9956
374725 0.9956
374809 0.9957
375859 0.9957
379558 0.9957
379984 0.9957
380594 0.9957
382600 0.9958
382637 0.9958
384683 0.9958
384956 0.9958
384993 0.9959
386312 0.9959
387001 0.9959
390588 0.9959
393764 0.996
394346 0.996
395185 0.996
399913 0.996
400174 0.9961
405800 0.9961
413075 0.9961
413445 0.9961
414819 0.9962
418886 0.9962
420453 0.9962
420703 0.9962
421785 0.9963
430159 0.9963
435408 0.9963
437998 0.9963
439560 0.9964
443080 0.9964
446600 0.9964
457938 0.9964
462000 0.9964
466400 0.9965
473570 0.9965
481098 0.9965
483197 0.9965
486372 0.9966
490160 0.9966
500098 0.9966
505254 0.9966
509699 0.9967
525402 0.9967
538432 0.9967
549211 0.9967
570240 0.9968
573548 0.9968
577134 0.9968
578600 0.9968
603240 0.9968
604560 0.9969
648120 0.9969
660890 0.9969
677299 0.9969
703960 0.997
750393 0.997
870161 0.997
931578 0.997
934162 0.9971
940236 0.9971
983268 0.9971
1025776 0.9971
1069200 0.9972
1151259 0.9972
1194318 0.9972
1314890 0.9972
1315134 0.9972
1362631 0.9973
1417212 0.9973
1433368 0.9973
1481233 0.9973
1481497 0.9974
1484368 0.9974
1506918 0.9974
1507880 0.9974
1521520 0.9975
1531025 0.9975
1532830 0.9975
1533337 0.9975
1564355 0.9976
1569560 0.9976
1569817 0.9976
1572306 0.9976
1579968 0.9976
1587877 0.9977
1626960 0.9977
1655550 0.9977
1676425 0.9977
1686580 0.9978
1705395 0.9978
1761318 0.9978
1791437 0.9978
1842048 0.9979
1870993 0.9979
1883200 0.9979
1929790 0.9979
2013499 0.998
2069884 0.998
2102725 0.998
2112030 0.998
2118058 0.998
2122875 0.9981
2155569 0.9981
2169551 0.9981
2173875 0.9981
2219071 0.9982
2256486 0.9982
2298120 0.9982
2348371 0.9982
2352630 0.9983
2371321 0.9983
2438891 0.9983
2459847 0.9983
2467000 0.9984
2517486 0.9984
2530533 0.9984
2555327 0.9984
2556176 0.9984
2564043 0.9985
2601649 0.9985
2608199 0.9985
2631238 0.9985
2633798 0.9986
2644535 0.9986
2664158 0.9986
2670871 0.9986
2671985 0.9987
2674894 0.9987
2696263 0.9987
2697009 0.9987
2721540 0.9988
2739687 0.9988
2827000 0.9988
2828922 0.9988
2834128 0.9988
2839184 0.9989
2844881 0.9989
2893929 0.9989
2924762 0.9989
2956240 0.999
2990087 0.999
3020506 0.999
3026490 0.999
3056680 0.9991
3070168 0.9991
3072600 0.9991
3090120 0.9991
3119045 0.9992
3125040 0.9992
3133943 0.9992
3153169 0.9992
3185299 0.9992
3187016 0.9993
3200183 0.9993
3202320 0.9993
3218851 0.9993
3235491 0.9994
3235890 0.9994
3254998 0.9994
3271343 0.9994
3306270 0.9995
3311309 0.9995
3312634 0.9995
3338075 0.9995
3370854 0.9996
3382096 0.9996
3385876 0.9996
3421906 0.9996
3431974 0.9996
3495494 0.9997
3502701 0.9997
3519354 0.9997
3621405 0.9997
4771168 0.9998
4980568 0.9998
6224264 0.9998
6288144 0.9998
6288648 0.9999
6364320 0.9999
7689000 0.9999
8549640 0.9999
8581760 1
11138600 1
12524600 1
