0.005 0.0004
0.009 0.0011
0.016 0.0015
0.02 0.0018
0.021 0.0022
0.023 0.0026
0.027 0.0029
0.031 0.0033
0.037 0.0037
0.04 0.0044
0.043 0.0048
0.047 0.0051
0.048 0.0055
0.049 0.0059
0.062 0.0062
0.063 0.0066
0.065 0.0069
0.066 0.0077
0.067 0.0084
0.07 0.0088
0.072 0.0091
0.073 0.0099
0.074 0.0102
0.075 0.011
0.078 0.0113
0.08 0.0117
0.082 0.0124
0.083 0.0128
0.092 0.0132
0.093 0.0135
0.094 0.0139
0.105 0.0143
0.107 0.0146
0.109 0.015
0.11 0.0154
0.112 0.0157
0.114 0.0165
0.117 0.0168
0.118 0.0172
0.121 0.0176
0.123 0.0187
0.125 0.0194
0.126 0.0198
0.129 0.0201
0.133 0.0208
0.143 0.0212
0.147 0.0216
0.148 0.0219
0.15 0.0227
0.153 0.023
0.154 0.0234
0.174 0.0238
0.187 0.0245
0.188 0.0249
0.192 0.0252
0.193 0.0256
0.195 0.026
0.196 0.0263
0.201 0.0267
0.202 0.0271
0.203 0.0274
0.209 0.0278
0.218 0.0282
0.221 0.0285
0.228 0.0289
0.229 0.0293
0.233 0.0296
0.248 0.03
0.249 0.0307
0.25 0.0311
0.251 0.0318
0.254 0.0322
0.255 0.0326
0.257 0.0329
0.265 0.0337
0.272 0.034
0.273 0.0344
0.275 0.0347
0.277 0.0351
0.281 0.0355
0.286 0.0358
0.288 0.0362
0.293 0.0366
0.297 0.0369
0.298 0.0377
0.304 0.038
0.329 0.0384
0.33 0.0388
0.334 0.0391
0.336 0.0395
0.342 0.0399
0.343 0.0402
0.348 0.0413
0.349 0.0417
0.35 0.0421
0.359 0.0428
0.367 0.0432
0.368 0.0435
0.371 0.0439
0.372 0.0443
0.38 0.0446
0.383 0.0454
0.384 0.0457
0.385 0.0461
0.386 0.0465
0.401 0.0468
0.416 0.0472
0.428 0.0479
0.443 0.0483
0.447 0.0486
0.449 0.049
0.453 0.0494
0.458 0.0497
0.46 0.0501
0.461 0.0505
0.463 0.0508
0.464 0.0512
0.468 0.0516
0.47 0.0519
0.476 0.0527
0.478 0.0534
0.479 0.0538
0.482 0.0541
0.485 0.0545
0.491 0.0552
0.497 0.0556
0.5 0.056
0.511 0.0567
0.517 0.0571
0.522 0.0574
0.523 0.0578
0.533 0.0582
0.536 0.0585
0.538 0.0589
0.539 0.0596
0.544 0.06
0.546 0.0604
0.551 0.0607
0.556 0.0611
0.558 0.0614
0.579 0.0618
0.58 0.0622
0.586 0.0629
0.592 0.0633
0.594 0.0636
0.599 0.0644
0.606 0.0647
0.607 0.0651
0.612 0.0655
0.614 0.0658
0.617 0.0662
0.636 0.0666
0.637 0.0669
0.647 0.0673
0.653 0.0677
0.659 0.068
0.668 0.0684
0.669 0.0688
0.678 0.0691
0.681 0.0695
0.687 0.0702
0.691 0.0706
0.696 0.071
0.699 0.0713
0.703 0.0717
0.705 0.0724
0.72 0.0732
0.724 0.0735
0.732 0.0739
0.737 0.0743
0.74 0.0746
0.741 0.075
0.75 0.0753
0.752 0.0761
0.759 0.0764
0.769 0.0768
0.773 0.0775
0.776 0.0779
0.783 0.0783
0.791 0.079
0.796 0.0794
0.805 0.0797
0.808 0.0801
0.814 0.0808
0.821 0.0812
0.822 0.0816
0.831 0.0819
0.832 0.0823
0.844 0.0827
0.845 0.083
0.856 0.0838
0.862 0.0841
0.868 0.0849
0.869 0.0852
0.87 0.0856
0.874 0.086
0.888 0.0863
0.892 0.0867
0.893 0.0871
0.901 0.0874
0.904 0.0878
0.913 0.0881
0.921 0.0885
0.924 0.0889
0.931 0.0892
0.937 0.0896
0.938 0.09
0.95 0.0903
0.952 0.0907
0.959 0.0911
0.961 0.0914
0.964 0.0918
0.97 0.0922
0.971 0.0925
0.975 0.0929
0.982 0.0933
0.986 0.0936
0.994 0.0944
0.997 0.0947
0.998 0.0951
1.001 0.0955
1.002 0.0958
1.009 0.0962
1.011 0.0966
1.014 0.0969
1.033 0.0973
1.046 0.0977
1.064 0.0984
1.067 0.0988
1.078 0.0991
1.086 0.0995
1.089 0.0999
1.093 0.1002
1.096 0.101
1.103 0.1013
1.105 0.1017
1.106 0.1024
1.116 0.1028
1.122 0.1035
1.125 0.1039
1.13 0.1042
1.131 0.1046
1.134 0.105
1.139 0.1053
1.14 0.1057
1.144 0.1061
1.149 0.1064
1.156 0.1068
1.175 0.1072
1.179 0.1075
1.183 0.1079
1.185 0.1086
1.187 0.109
1.193 0.1094
1.196 0.1097
1.198 0.1101
1.218 0.1108
1.222 0.1112
1.224 0.1116
1.228 0.1119
1.229 0.1123
1.243 0.1127
1.253 0.113
1.256 0.1134
1.271 0.1138
1.276 0.1141
1.281 0.1145
1.285 0.1149
1.29 0.1152
1.291 0.1156
1.304 0.1163
1.308 0.117
1.309 0.1174
1.31 0.1178
1.314 0.1181
1.321 0.1185
1.323 0.1189
1.326 0.1192
1.327 0.1196
1.331 0.12
1.336 0.1203
1.338 0.1207
1.339 0.1211
1.35 0.1218
1.355 0.1222
1.369 0.1225
1.373 0.1229
1.375 0.124
1.379 0.1244
1.383 0.1247
1.384 0.1251
1.386 0.1255
1.387 0.1258
1.393 0.1262
1.395 0.1269
1.397 0.1273
1.411 0.1277
1.414 0.128
1.416 0.1284
1.427 0.1287
1.43 0.1291
1.437 0.1295
1.438 0.1298
1.443 0.1302
1.45 0.1306
1.451 0.1313
1.452 0.1317
1.456 0.132
1.462 0.1324
1.472 0.1328
1.483 0.1335
1.491 0.1339
1.493 0.1342
1.5 0.1346
1.503 0.135
1.51 0.1353
1.512 0.1357
1.527 0.1361
1.53 0.1364
1.532 0.1368
1.543 0.1372
1.544 0.1375
1.545 0.1379
1.546 0.1383
1.55 0.1386
1.552 0.139
1.558 0.1394
1.56 0.1397
1.563 0.1401
1.575 0.1405
1.578 0.1408
1.585 0.1412
1.595 0.1416
1.6 0.1419
1.614 0.1423
1.616 0.1426
1.621 0.143
1.624 0.1434
1.63 0.1437
1.634 0.1441
1.638 0.1445
1.642 0.1448
1.643 0.1452
1.649 0.1456
1.656 0.1459
1.658 0.1467
1.663 0.147
1.672 0.1474
1.682 0.1478
1.686 0.1481
1.705 0.1489
1.706 0.15
1.717 0.1503
1.728 0.1507
1.734 0.1511
1.735 0.1514
1.741 0.1522
1.749 0.1525
1.757 0.1529
1.764 0.1533
1.776 0.1536
1.777 0.154
1.783 0.1544
1.792 0.1547
1.798 0.1551
1.8 0.1554
1.809 0.1558
1.818 0.1562
1.826 0.1565
1.829 0.1569
1.832 0.1573
1.837 0.1576
1.84 0.158
1.85 0.1584
1.851 0.1591
1.852 0.1595
1.859 0.1598
1.866 0.1606
1.868 0.1609
1.875 0.1613
1.879 0.1617
1.884 0.1624
1.887 0.1628
1.888 0.1631
1.893 0.1635
1.905 0.1639
1.906 0.1642
1.91 0.165
1.913 0.1653
1.918 0.1657
1.933 0.1664
1.934 0.1668
1.942 0.1672
1.946 0.1675
1.951 0.1679
1.969 0.1683
1.972 0.1686
1.973 0.169
1.977 0.1693
1.986 0.1697
1.994 0.1701
2.001 0.1704
2.004 0.1708
2.025 0.1712
2.027 0.1715
2.028 0.1719
2.04 0.1723
2.041 0.1726
2.043 0.173
2.054 0.1737
2.057 0.1741
2.07 0.1745
2.074 0.1748
2.098 0.1752
2.099 0.1756
2.101 0.1763
2.107 0.1767
2.11 0.177
2.118 0.1774
2.128 0.1778
2.129 0.1781
2.136 0.1785
2.14 0.1789
2.153 0.1792
2.156 0.1796
2.17 0.18
2.172 0.1803
2.198 0.1807
2.2 0.1811
2.205 0.1814
2.21 0.1818
2.211 0.1822
2.212 0.1829
2.214 0.1832
2.217 0.1836
2.218 0.184
2.222 0.1843
2.229 0.1847
2.235 0.1851
2.237 0.1854
2.242 0.1858
2.245 0.1862
2.247 0.1865
2.256 0.1869
2.257 0.1873
2.269 0.1876
2.27 0.188
2.272 0.1884
2.273 0.1887
2.275 0.1891
2.277 0.1895
2.291 0.1898
2.304 0.1906
2.305 0.1909
2.318 0.1913
2.321 0.1917
2.324 0.192
2.334 0.1924
2.34 0.1935
2.347 0.1939
2.353 0.1942
2.357 0.1946
2.359 0.195
2.37 0.1953
2.385 0.1957
2.39 0.196
2.403 0.1964
2.405 0.1968
2.407 0.1971
2.411 0.1975
2.414 0.1979
2.416 0.1982
2.419 0.1986
2.42 0.199
2.423 0.1993
2.44 0.1997
2.443 0.2001
2.455 0.2004
2.456 0.2008
2.463 0.2012
2.465 0.2015
2.477 0.2019
2.481 0.2023
2.483 0.2026
2.485 0.203
2.486 0.2034
2.497 0.2037
2.511 0.2041
2.513 0.2045
2.514 0.2052
2.522 0.2056
2.528 0.2059
2.53 0.2063
2.537 0.207
2.54 0.2074
2.541 0.2081
2.547 0.2085
2.557 0.2089
2.561 0.2092
2.564 0.2096
2.575 0.2099
2.58 0.2103
2.584 0.2107
2.588 0.211
2.608 0.2114
2.624 0.2118
2.627 0.2121
2.674 0.2125
2.682 0.2129
2.684 0.2132
2.686 0.2136
2.688 0.214
2.689 0.2143
2.691 0.2147
2.704 0.2151
2.712 0.2154
2.714 0.2158
2.715 0.2162
2.722 0.2165
2.727 0.2169
2.737 0.2173
2.742 0.2176
2.753 0.218
2.757 0.2184
2.759 0.2187
2.769 0.2191
2.771 0.2195
2.788 0.2202
2.792 0.2206
2.796 0.2209
2.802 0.2213
2.804 0.2217
2.808 0.222
2.81 0.2224
2.819 0.2228
2.829 0.2231
2.832 0.2238
2.837 0.2246
2.847 0.2249
2.851 0.2253
2.857 0.2257
2.862 0.226
2.864 0.2264
2.869 0.2268
2.872 0.2271
2.888 0.2275
2.895 0.2279
2.896 0.2282
2.903 0.2286
2.913 0.229
2.928 0.2297
2.932 0.2301
2.945 0.2304
2.955 0.2308
2.956 0.2312
2.962 0.2315
2.967 0.2319
2.972 0.2323
2.973 0.2326
2.976 0.233
2.978 0.2334
2.98 0.2337
2.983 0.2341
2.987 0.2345
2.992 0.2348
2.996 0.2352
3 0.2356
3.002 0.2359
3.009 0.2363
3.045 0.2366
3.046 0.237
3.054 0.2374
3.063 0.2377
3.065 0.2381
3.067 0.2385
3.071 0.2392
3.083 0.2396
3.086 0.2399
3.092 0.2403
3.096 0.241
3.108 0.2414
3.112 0.2418
3.115 0.2421
3.12 0.2425
3.124 0.2429
3.128 0.2432
3.129 0.2436
3.131 0.244
3.155 0.2447
3.157 0.2451
3.158 0.2458
3.163 0.2465
3.166 0.2469
3.18 0.2473
3.183 0.2476
3.191 0.248
3.193 0.2484
3.211 0.2487
3.22 0.2491
3.222 0.2495
3.23 0.2498
3.234 0.2502
3.245 0.2509
3.246 0.2513
3.255 0.2516
3.257 0.252
3.259 0.2524
3.274 0.2527
3.275 0.2531
3.301 0.2535
3.322 0.2538
3.333 0.2542
3.334 0.2546
3.349 0.2549
3.35 0.2553
3.355 0.2557
3.358 0.256
3.359 0.2564
3.377 0.2568
3.38 0.2571
3.384 0.2575
3.392 0.2579
3.41 0.2582
3.413 0.2586
3.417 0.259
3.431 0.2593
3.432 0.2601
3.439 0.2604
3.443 0.2608
3.449 0.2612
3.475 0.2615
3.478 0.2619
3.488 0.2623
3.507 0.2626
3.509 0.263
3.511 0.2634
3.514 0.2637
3.53 0.2641
3.541 0.2644
3.56 0.2648
3.564 0.2652
3.578 0.2655
3.587 0.2663
3.594 0.2666
3.599 0.267
3.611 0.2674
3.631 0.2677
3.633 0.2681
3.645 0.2685
3.647 0.2688
3.652 0.2692
3.653 0.2696
3.655 0.2699
3.662 0.2703
3.664 0.2707
3.681 0.271
3.698 0.2714
3.715 0.2718
3.722 0.2721
3.726 0.2729
3.727 0.2732
3.735 0.2736
3.739 0.274
3.743 0.2743
3.747 0.2747
3.748 0.2751
3.754 0.2754
3.757 0.2758
3.76 0.2762
3.765 0.2765
3.781 0.2769
3.793 0.2772
3.794 0.2776
3.801 0.278
3.805 0.2787
3.806 0.2791
3.808 0.2794
3.809 0.2798
3.813 0.2802
3.82 0.2805
3.822 0.2809
3.828 0.2816
3.84 0.282
3.858 0.2827
3.884 0.2831
3.89 0.2835
3.901 0.2842
3.907 0.2846
3.929 0.2849
3.945 0.2853
3.954 0.2857
3.96 0.286
3.966 0.2868
3.987 0.2871
3.991 0.2875
3.997 0.2879
3.999 0.2882
4 0.2886
4.009 0.289
4.014 0.2893
4.015 0.2897
4.016 0.2901
4.038 0.2904
4.041 0.2908
4.042 0.2911
4.043 0.2915
4.047 0.2919
4.051 0.2922
4.053 0.2926
4.056 0.293
4.062 0.2933
4.067 0.2937
4.085 0.2941
4.092 0.2944
4.099 0.2948
4.106 0.2952
4.108 0.2955
4.122 0.2959
4.142 0.2963
4.146 0.2966
4.148 0.297
4.162 0.2974
4.178 0.2977
4.179 0.2981
4.183 0.2988
4.192 0.2992
4.195 0.2996
4.2 0.2999
4.204 0.3003
4.206 0.3007
4.214 0.301
4.226 0.3014
4.247 0.3018
4.249 0.3021
4.266 0.3025
4.287 0.3029
4.295 0.3032
4.298 0.3036
4.3 0.304
4.303 0.3043
4.309 0.3047
4.315 0.305
4.329 0.3054
4.331 0.3058
4.361 0.3061
4.371 0.3065
4.375 0.3069
4.38 0.3072
4.383 0.3076
4.385 0.308
4.395 0.3083
4.397 0.3087
4.413 0.3091
4.423 0.3094
4.444 0.3098
4.459 0.3102
4.474 0.3105
4.486 0.3109
4.489 0.3116
4.495 0.312
4.502 0.3124
4.505 0.3127
4.506 0.3131
4.51 0.3135
4.515 0.3138
4.519 0.3142
4.526 0.3146
4.533 0.3149
4.541 0.3153
4.557 0.3157
4.559 0.316
4.568 0.3164
4.571 0.3168
4.573 0.3171
4.586 0.3175
4.594 0.3178
4.599 0.3182
4.601 0.3186
4.605 0.3189
4.618 0.3193
4.621 0.3197
4.632 0.32
4.637 0.3204
4.653 0.3208
4.655 0.3211
4.686 0.3215
4.707 0.3219
4.709 0.3222
4.711 0.3226
4.733 0.323
4.74 0.3233
4.741 0.3241
4.742 0.3244
4.744 0.3248
4.754 0.3252
4.776 0.3255
4.78 0.3259
4.823 0.3263
4.837 0.3266
4.843 0.327
4.844 0.3274
4.851 0.3277
4.853 0.3285
4.854 0.3288
4.876 0.3292
4.881 0.3296
4.886 0.3299
4.901 0.3303
4.926 0.3307
4.928 0.331
4.932 0.3314
4.933 0.3317
4.936 0.3321
4.94 0.3325
4.941 0.3328
4.95 0.3332
4.961 0.3336
4.969 0.3339
4.984 0.3343
4.985 0.335
4.989 0.3354
4.99 0.3361
4.995 0.3365
4.996 0.3369
5.001 0.3372
5.007 0.3376
5.008 0.338
5.029 0.3383
5.035 0.3387
5.052 0.3391
5.06 0.3394
5.066 0.3398
5.072 0.3402
5.083 0.3409
5.085 0.3416
5.087 0.342
5.102 0.3424
5.115 0.3427
5.126 0.3431
5.13 0.3435
5.141 0.3438
5.146 0.3446
5.152 0.3453
5.158 0.3456
5.165 0.346
5.166 0.3464
5.175 0.3467
5.183 0.3471
5.192 0.3475
5.195 0.3478
5.216 0.3482
5.219 0.3486
5.223 0.3489
5.23 0.3493
5.236 0.3497
5.241 0.35
5.246 0.3504
5.248 0.3508
5.279 0.3515
5.28 0.3519
5.308 0.3522
5.342 0.3526
5.346 0.353
5.347 0.3533
5.351 0.3537
5.355 0.3541
5.362 0.3544
5.364 0.3548
5.394 0.3552
5.409 0.3555
5.412 0.3559
5.418 0.3563
5.426 0.3566
5.428 0.357
5.433 0.3574
5.473 0.3577
5.477 0.3581
5.488 0.3584
5.489 0.3588
5.499 0.3592
5.508 0.3595
5.52 0.3599
5.525 0.3603
5.562 0.3606
5.565 0.361
5.586 0.3614
5.616 0.3617
5.655 0.3621
5.657 0.3625
5.667 0.3628
5.67 0.3632
5.671 0.3636
5.673 0.3639
5.678 0.3643
5.69 0.3647
5.691 0.365
5.693 0.3654
5.7 0.3658
5.703 0.3661
5.707 0.3665
5.714 0.3669
5.718 0.3672
5.735 0.3676
5.738 0.368
5.755 0.3683
5.761 0.3691
5.782 0.3694
5.785 0.3698
5.789 0.3702
5.794 0.3705
5.798 0.3709
5.801 0.3713
5.809 0.3716
5.834 0.372
5.842 0.3723
5.846 0.3727
5.85 0.3731
5.856 0.3734
5.867 0.3738
5.874 0.3742
5.878 0.3745
5.889 0.3749
5.919 0.3753
5.922 0.3756
5.929 0.376
5.931 0.3764
5.948 0.3767
5.955 0.3771
5.957 0.3775
5.962 0.3778
5.968 0.3782
5.975 0.3786
5.981 0.3789
5.987 0.3793
6.002 0.3797
6.006 0.38
6.016 0.3804
6.024 0.3808
6.032 0.3811
6.041 0.3815
6.045 0.3819
6.05 0.3822
6.073 0.3826
6.075 0.383
6.086 0.3833
6.091 0.3837
6.102 0.3841
6.142 0.3844
6.152 0.3848
6.181 0.3851
6.184 0.3855
6.189 0.3859
6.217 0.3866
6.223 0.387
6.231 0.3873
6.252 0.3877
6.269 0.3881
6.276 0.3884
6.278 0.3888
6.28 0.3892
6.282 0.3895
6.318 0.3899
6.335 0.3903
6.344 0.3906
6.355 0.391
6.357 0.3914
6.366 0.3917
6.374 0.3921
6.376 0.3925
6.383 0.3928
6.402 0.3932
6.403 0.3939
6.409 0.3943
6.423 0.3947
6.425 0.395
6.43 0.3954
6.433 0.3958
6.435 0.3961
6.447 0.3965
6.461 0.3969
6.475 0.3972
6.504 0.3976
6.505 0.398
6.513 0.3983
6.519 0.399
6.536 0.3994
6.537 0.3998
6.543 0.4001
6.551 0.4005
6.584 0.4009
6.619 0.4012
6.621 0.4016
6.629 0.4023
6.632 0.4027
6.637 0.4031
6.639 0.4034
6.659 0.4038
6.666 0.4042
6.668 0.4045
6.684 0.4049
6.686 0.4053
6.689 0.4056
6.722 0.406
6.736 0.4064
6.754 0.4067
6.757 0.4071
6.774 0.4075
6.777 0.4078
6.779 0.4082
6.792 0.4086
6.796 0.4089
6.815 0.4093
6.816 0.4097
6.844 0.41
6.848 0.4104
6.858 0.4111
6.866 0.4115
6.869 0.4119
6.872 0.4122
6.878 0.4126
6.881 0.4129
6.892 0.4133
6.899 0.4137
6.917 0.414
6.926 0.4144
6.95 0.4148
6.959 0.4151
7.011 0.4155
7.012 0.4159
7.028 0.4162
7.032 0.4166
7.078 0.417
7.092 0.4173
7.095 0.4177
7.099 0.4181
7.11 0.4184
7.133 0.4188
7.141 0.4192
7.142 0.4195
7.155 0.4199
7.158 0.4206
7.161 0.421
7.167 0.4214
7.168 0.4217
7.186 0.4221
7.208 0.4225
7.21 0.4228
7.214 0.4232
7.219 0.4236
7.241 0.4239
7.267 0.4247
7.273 0.425
7.287 0.4254
7.301 0.4257
7.302 0.4261
7.313 0.4265
7.322 0.4272
7.326 0.4276
7.328 0.4279
7.329 0.4283
7.33 0.4287
7.331 0.429
7.363 0.4294
7.406 0.4298
7.423 0.4301
7.428 0.4309
7.447 0.4312
7.467 0.4316
7.473 0.432
7.478 0.4323
7.506 0.4327
7.507 0.4331
7.53 0.4334
7.573 0.4338
7.575 0.4342
7.584 0.4345
7.597 0.4349
7.601 0.4353
7.61 0.4356
7.613 0.436
7.615 0.4364
7.621 0.4371
7.644 0.4375
7.646 0.4378
7.664 0.4382
7.68 0.4386
7.688 0.4389
7.719 0.4396
7.723 0.44
7.749 0.4404
7.751 0.4407
7.762 0.4411
7.77 0.4415
7.79 0.4418
7.792 0.4422
7.801 0.4426
7.811 0.4429
7.818 0.4437
7.845 0.444
7.853 0.4444
7.859 0.4448
7.871 0.4451
7.88 0.4455
7.899 0.4459
7.904 0.4462
7.944 0.4466
7.966 0.447
7.967 0.4473
7.973 0.4477
8.027 0.4481
8.029 0.4484
8.03 0.4488
8.042 0.4492
8.083 0.4495
8.088 0.4499
8.095 0.4503
8.099 0.4506
8.105 0.451
8.137 0.4514
8.163 0.4517
8.205 0.4521
8.223 0.4525
8.227 0.4528
8.232 0.4532
8.235 0.4535
8.238 0.4539
8.244 0.4543
8.246 0.4546
8.305 0.455
8.306 0.4554
8.328 0.4557
8.335 0.4561
8.351 0.4565
8.368 0.4568
8.371 0.4572
8.393 0.4576
8.405 0.4579
8.415 0.4583
8.417 0.4587
8.421 0.4594
8.43 0.4598
8.449 0.4605
8.47 0.4612
8.475 0.4616
8.487 0.462
8.499 0.4623
8.506 0.4627
8.511 0.4631
8.525 0.4634
8.53 0.4642
8.545 0.4645
8.567 0.4649
8.574 0.4653
8.581 0.4656
8.582 0.466
8.606 0.4663
8.629 0.4667
8.633 0.4671
8.642 0.4674
8.643 0.4678
8.659 0.4682
8.673 0.4685
8.677 0.4689
8.689 0.4693
8.714 0.4696
8.72 0.47
8.741 0.4704
8.744 0.4707
8.746 0.4711
8.759 0.4715
8.781 0.4718
8.815 0.4722
8.822 0.4726
8.841 0.4729
8.842 0.4733
8.848 0.4737
8.852 0.474
8.858 0.4744
8.865 0.4748
8.887 0.4751
8.894 0.4755
8.903 0.4759
8.921 0.4762
8.924 0.4766
8.945 0.477
8.95 0.4773
8.957 0.4777
8.97 0.4781
8.977 0.4784
8.984 0.4788
8.988 0.4792
8.999 0.4795
9.024 0.4799
9.026 0.4802
9.032 0.4806
9.035 0.481
9.039 0.4813
9.063 0.4817
9.074 0.4821
9.087 0.4824
9.089 0.4828
9.093 0.4832
9.094 0.4835
9.118 0.4839
9.119 0.4843
9.141 0.4846
9.147 0.485
9.161 0.4854
9.176 0.4857
9.178 0.4861
9.184 0.4865
9.188 0.4868
9.193 0.4872
9.195 0.4876
9.196 0.4879
9.201 0.4883
9.209 0.4887
9.214 0.489
9.244 0.4894
9.245 0.4898
9.25 0.4901
9.267 0.4905
9.272 0.4909
9.282 0.4912
9.287 0.4916
9.304 0.492
9.347 0.4923
9.349 0.4927
9.364 0.4934
9.383 0.4938
9.403 0.4945
9.412 0.4949
9.413 0.4952
9.442 0.4956
9.454 0.4963
9.455 0.4967
9.463 0.4971
9.464 0.4974
9.474 0.4978
9.495 0.4982
9.503 0.4985
9.508 0.4989
9.513 0.4993
9.534 0.4996
9.544 0.5
9.547 0.5004
9.558 0.5007
9.572 0.5011
9.573 0.5015
9.59 0.5018
9.602 0.5022
9.606 0.5029
9.611 0.5033
9.649 0.5037
9.679 0.504
9.681 0.5044
9.692 0.5048
9.735 0.5051
9.759 0.5055
9.768 0.5059
9.781 0.5062
9.809 0.5066
9.823 0.5069
9.829 0.5073
9.831 0.5077
9.856 0.508
9.88 0.5084
9.887 0.5088
9.911 0.5091
9.954 0.5095
9.977 0.5099
9.998 0.5102
10.004 0.5106
10.017 0.5113
10.069 0.5117
10.076 0.5121
10.081 0.5124
10.086 0.5128
10.096 0.5132
10.123 0.5135
10.124 0.5139
10.127 0.5143
10.132 0.5146
10.15 0.515
10.187 0.5154
10.188 0.5157
10.204 0.5161
10.208 0.5165
10.219 0.5168
10.222 0.5172
10.231 0.5176
10.246 0.5179
10.247 0.5187
10.257 0.519
10.278 0.5194
10.28 0.5198
10.283 0.5205
10.295 0.5208
10.332 0.5212
10.338 0.5216
10.35 0.5219
10.352 0.5223
10.359 0.5227
10.368 0.523
10.371 0.5234
10.378 0.5238
10.388 0.5241
10.409 0.5245
10.432 0.5249
10.45 0.5252
10.463 0.5256
10.465 0.5263
10.47 0.5271
10.477 0.5274
10.527 0.5278
10.54 0.5282
10.59 0.5285
10.613 0.5289
10.624 0.5293
10.632 0.5296
10.652 0.53
10.663 0.5304
10.674 0.5307
10.683 0.5311
10.696 0.5315
10.708 0.5318
10.718 0.5326
10.731 0.5329
10.747 0.5333
10.772 0.5337
10.776 0.5344
10.854 0.5347
10.87 0.5351
10.887 0.5355
10.899 0.5358
10.903 0.5362
10.908 0.5366
10.928 0.5369
10.936 0.5377
10.953 0.538
10.964 0.5384
10.968 0.5388
10.977 0.5391
10.979 0.5395
11.034 0.5399
11.051 0.5402
11.055 0.5406
11.057 0.5413
11.06 0.5417
11.07 0.5421
11.082 0.5424
11.114 0.5428
11.125 0.5432
11.137 0.5435
11.138 0.5439
11.176 0.5443
11.2 0.5446
11.205 0.545
11.207 0.5454
11.214 0.5457
11.227 0.5461
11.23 0.5465
11.255 0.5468
11.257 0.5472
11.273 0.5475
11.278 0.5479
11.283 0.5483
11.293 0.5486
11.338 0.549
11.352 0.5494
11.368 0.5497
11.369 0.5501
11.421 0.5505
11.459 0.5508
11.466 0.5512
11.479 0.5519
11.493 0.5523
11.504 0.5527
11.507 0.553
11.535 0.5534
11.572 0.5538
11.575 0.5541
11.577 0.5545
11.581 0.5549
11.589 0.5552
11.642 0.5556
11.706 0.556
11.708 0.5563
11.717 0.5567
11.748 0.5571
11.755 0.5574
11.766 0.5578
11.795 0.5582
11.798 0.5585
11.815 0.5589
11.838 0.5593
11.845 0.5596
11.853 0.56
11.9 0.5604
11.918 0.5607
11.939 0.5611
11.978 0.5614
11.994 0.5618
12.033 0.5622
12.05 0.5625
12.075 0.5629
12.09 0.5633
12.093 0.5636
12.134 0.564
12.146 0.5644
12.158 0.5647
12.218 0.5651
12.228 0.5655
12.23 0.5658
12.257 0.5662
12.262 0.5666
12.268 0.5673
12.273 0.5677
12.275 0.568
12.292 0.5684
12.296 0.5688
12.328 0.5691
12.339 0.5695
12.351 0.5699
12.376 0.5702
12.387 0.5706
12.428 0.571
12.431 0.5713
12.442 0.5717
12.485 0.5721
12.541 0.5724
12.579 0.5728
12.604 0.5732
12.627 0.5735
12.631 0.5739
12.638 0.5743
12.698 0.5746
12.726 0.575
12.73 0.5753
12.772 0.5757
12.785 0.5761
12.832 0.5764
12.855 0.5768
12.871 0.5772
12.913 0.5775
12.937 0.5779
12.938 0.5783
12.939 0.5786
12.944 0.579
12.955 0.5794
12.962 0.5797
12.979 0.5801
13.043 0.5805
13.061 0.5808
13.069 0.5812
13.071 0.5816
13.074 0.5819
13.081 0.5823
13.096 0.5827
13.103 0.583
13.108 0.5834
13.122 0.5838
13.129 0.5841
13.166 0.5845
13.18 0.5849
13.209 0.5852
13.235 0.5856
13.24 0.586
13.247 0.5863
13.256 0.5867
13.262 0.5871
13.276 0.5874
13.391 0.5878
13.422 0.5881
13.435 0.5889
13.445 0.5892
13.449 0.5896
13.454 0.59
13.455 0.5903
13.47 0.5907
13.5 0.5911
13.53 0.5914
13.54 0.5918
13.666 0.5922
13.668 0.5925
13.722 0.5929
13.727 0.5933
13.733 0.5936
13.736 0.594
13.809 0.5944
13.816 0.5947
13.824 0.5951
13.837 0.5955
13.843 0.5958
13.849 0.5962
13.874 0.5966
13.892 0.5969
13.913 0.5973
13.952 0.5977
13.966 0.598
13.989 0.5984
13.997 0.5988
14.003 0.5991
14.036 0.5995
14.042 0.5999
14.084 0.6006
14.097 0.601
14.102 0.6013
14.118 0.6017
14.154 0.602
14.159 0.6024
14.181 0.6028
14.2 0.6031
14.203 0.6035
14.23 0.6039
14.249 0.6042
14.251 0.6046
14.275 0.605
14.328 0.6053
14.331 0.6057
14.438 0.6061
14.446 0.6064
14.47 0.6068
14.48 0.6075
14.501 0.6079
14.532 0.6083
14.549 0.6086
14.553 0.609
14.636 0.6094
14.643 0.6097
14.648 0.6101
14.657 0.6105
14.669 0.6108
14.671 0.6112
14.742 0.6116
14.746 0.6119
14.811 0.6123
14.842 0.6127
14.852 0.613
14.857 0.6134
14.876 0.6138
14.889 0.6141
14.921 0.6145
14.952 0.6149
14.959 0.6152
14.99 0.6156
14.997 0.6159
15.012 0.6163
15.023 0.6167
15.033 0.617
15.039 0.6174
15.047 0.6178
15.048 0.6181
15.053 0.6185
15.064 0.6189
15.081 0.6192
15.109 0.6196
15.118 0.62
15.129 0.6203
15.148 0.6207
15.155 0.6211
15.179 0.6214
15.187 0.6218
15.201 0.6222
15.251 0.6225
15.268 0.6229
15.286 0.6233
15.309 0.6236
15.315 0.624
15.372 0.6244
15.399 0.6247
15.405 0.6251
15.42 0.6255
15.429 0.6258
15.431 0.6262
15.439 0.6266
15.443 0.6269
15.505 0.6273
15.535 0.6277
15.562 0.628
15.567 0.6284
15.622 0.6287
15.651 0.6291
15.672 0.6295
15.686 0.6298
15.704 0.6302
15.722 0.6306
15.75 0.6309
15.755 0.6313
15.773 0.6317
15.846 0.632
15.877 0.6324
15.893 0.6328
15.919 0.6331
15.92 0.6335
15.937 0.6339
15.939 0.6342
15.946 0.6346
15.986 0.635
16.011 0.6353
16.029 0.6357
16.047 0.6361
16.052 0.6364
16.101 0.6368
16.102 0.6372
16.108 0.6375
16.11 0.6379
16.115 0.6383
16.15 0.6386
16.158 0.639
16.172 0.6394
16.243 0.6397
16.255 0.6401
16.256 0.6405
16.327 0.6408
16.328 0.6412
16.329 0.6416
16.348 0.6419
16.369 0.6423
16.375 0.6426
16.409 0.643
16.414 0.6434
16.429 0.6437
16.434 0.6441
16.453 0.6445
16.46 0.6448
16.465 0.6452
16.47 0.6456
16.524 0.6463
16.557 0.6467
16.56 0.647
16.578 0.6474
16.621 0.6478
16.638 0.6481
16.652 0.6485
16.699 0.6489
16.707 0.6492
16.715 0.6496
16.759 0.65
16.775 0.6503
16.777 0.6507
16.791 0.6511
16.806 0.6514
16.816 0.6518
16.823 0.6522
16.853 0.6525
16.862 0.6529
16.875 0.6533
16.902 0.6536
16.95 0.654
16.997 0.6544
17.011 0.6547
17.017 0.6551
17.02 0.6554
17.021 0.6558
17.025 0.6562
17.033 0.6565
17.06 0.6569
17.067 0.6573
17.124 0.6576
17.13 0.658
17.134 0.6584
17.142 0.6587
17.151 0.6591
17.162 0.6595
17.19 0.6598
17.195 0.6602
17.196 0.6606
17.213 0.6609
17.222 0.6613
17.242 0.6617
17.294 0.662
17.36 0.6624
17.368 0.6628
17.435 0.6631
17.466 0.6635
17.48 0.6639
17.501 0.6642
17.505 0.6646
17.526 0.665
17.554 0.6653
17.568 0.6657
17.607 0.6661
17.632 0.6664
17.639 0.6668
17.661 0.6672
17.662 0.6675
17.666 0.6679
17.667 0.6683
17.683 0.6686
17.693 0.669
17.711 0.6693
17.733 0.6697
17.738 0.6701
17.763 0.6704
17.777 0.6708
17.786 0.6712
17.803 0.6715
17.812 0.6719
17.834 0.6723
17.845 0.6726
17.895 0.673
17.923 0.6734
17.983 0.6737
18.024 0.6741
18.043 0.6745
18.044 0.6748
18.146 0.6756
18.202 0.6759
18.229 0.6763
18.235 0.6767
18.239 0.677
18.258 0.6774
18.269 0.6778
18.445 0.6781
18.456 0.6785
18.47 0.6789
18.487 0.6792
18.528 0.6796
18.561 0.68
18.566 0.6803
18.572 0.6807
18.628 0.6811
18.684 0.6814
18.696 0.6822
18.716 0.6825
18.735 0.6829
18.739 0.6832
18.745 0.6836
18.748 0.684
18.752 0.6843
18.784 0.6847
18.789 0.6854
18.79 0.6858
18.835 0.6862
18.837 0.6865
18.841 0.6869
18.857 0.6873
18.954 0.6876
18.963 0.688
18.964 0.6884
18.971 0.6887
18.986 0.6895
19.047 0.6898
19.107 0.6902
19.143 0.6906
19.147 0.6909
19.173 0.6913
19.187 0.6917
19.21 0.692
19.236 0.6924
19.299 0.6928
19.329 0.6931
19.352 0.6935
19.405 0.6939
19.416 0.6942
19.501 0.6946
19.504 0.695
19.516 0.6953
19.527 0.6957
19.61 0.696
19.682 0.6964
19.687 0.6968
19.719 0.6971
19.725 0.6975
19.731 0.6979
19.797 0.6982
19.822 0.6986
19.831 0.699
19.87 0.6993
19.89 0.6997
19.909 0.7001
19.923 0.7004
19.929 0.7008
19.935 0.7012
20.001 0.7015
20.003 0.7019
20.007 0.7023
20.042 0.7026
20.06 0.703
20.069 0.7034
20.113 0.7037
20.125 0.7041
20.139 0.7045
20.233 0.7048
20.253 0.7052
20.257 0.7056
20.264 0.7059
20.281 0.7063
20.282 0.7067
20.288 0.707
20.294 0.7074
20.297 0.7078
20.349 0.7081
20.441 0.7085
20.477 0.7089
20.486 0.7092
20.544 0.7096
20.546 0.7099
20.598 0.7103
20.603 0.7107
20.617 0.711
20.634 0.7114
20.644 0.7118
20.658 0.7121
20.669 0.7125
20.713 0.7129
20.728 0.7132
20.754 0.7136
20.778 0.714
20.784 0.7143
20.796 0.7147
20.854 0.7151
20.879 0.7154
20.905 0.7158
20.942 0.7162
20.953 0.7165
20.975 0.7169
21.147 0.7173
21.172 0.7176
21.207 0.718
21.208 0.7184
21.211 0.7187
21.227 0.7191
21.263 0.7195
21.27 0.7202
21.275 0.7206
21.301 0.7209
21.302 0.7213
21.328 0.7217
21.414 0.722
21.432 0.7224
21.448 0.7231
21.46 0.7235
21.475 0.7238
21.492 0.7242
21.502 0.7246
21.533 0.7249
21.558 0.7253
21.576 0.7257
21.577 0.726
21.587 0.7264
21.628 0.7268
21.641 0.7271
21.707 0.7275
21.711 0.7279
21.722 0.7282
21.743 0.7286
21.753 0.729
21.77 0.7293
21.781 0.7297
21.799 0.7301
21.824 0.7304
21.857 0.7308
21.869 0.7312
21.914 0.7315
21.924 0.7319
21.937 0.7323
21.938 0.7326
21.987 0.733
21.99 0.7334
22.019 0.7337
22.043 0.7341
22.05 0.7345
22.108 0.7348
22.12 0.7352
22.143 0.7356
22.187 0.7359
22.198 0.7363
22.214 0.7366
22.255 0.737
22.285 0.7374
22.29 0.7377
22.307 0.7381
22.337 0.7385
22.366 0.7388
22.404 0.7392
22.41 0.7396
22.413 0.7399
22.433 0.7403
22.435 0.7407
22.45 0.741
22.474 0.7414
22.475 0.7418
22.484 0.7421
22.488 0.7425
22.514 0.7429
22.544 0.7432
22.571 0.7436
22.605 0.744
22.606 0.7443
22.613 0.7451
22.659 0.7454
22.662 0.7458
22.687 0.7462
22.713 0.7465
22.771 0.7469
22.793 0.7473
22.795 0.7476
22.806 0.748
22.822 0.7484
22.899 0.7487
22.91 0.7491
22.931 0.7495
22.946 0.7498
22.987 0.7502
23.019 0.7505
23.06 0.7509
23.073 0.7513
23.145 0.7516
23.171 0.752
23.195 0.7524
23.207 0.7527
23.223 0.7531
23.233 0.7535
23.273 0.7538
23.33 0.7542
23.332 0.7546
23.399 0.7549
23.423 0.7553
23.451 0.7557
23.459 0.756
23.531 0.7564
23.542 0.7568
23.56 0.7571
23.596 0.7575
23.631 0.7579
23.649 0.7582
23.696 0.7586
23.723 0.759
23.748 0.7593
23.76 0.7597
23.761 0.7601
23.77 0.7604
23.772 0.7612
23.801 0.7615
23.813 0.7619
23.819 0.7623
23.969 0.7626
23.99 0.763
24.001 0.7634
24.006 0.7637
24.037 0.7641
24.076 0.7644
24.093 0.7648
24.117 0.7652
24.146 0.7655
24.163 0.7659
24.183 0.7663
24.24 0.7666
24.242 0.767
24.269 0.7674
24.282 0.7677
24.32 0.7681
24.411 0.7685
24.427 0.7688
24.47 0.7692
24.51 0.7696
24.557 0.7699
24.572 0.7703
24.63 0.7707
24.66 0.771
24.667 0.7714
24.702 0.7718
24.715 0.7721
24.749 0.7725
24.792 0.7729
24.796 0.7732
24.907 0.7736
24.943 0.774
24.95 0.7743
24.98 0.7747
24.992 0.7751
24.995 0.7754
25.07 0.7758
25.094 0.7762
25.224 0.7765
25.294 0.7769
25.392 0.7772
25.393 0.7776
25.411 0.778
25.443 0.7783
25.46 0.7787
25.465 0.7791
25.519 0.7794
25.62 0.7798
25.649 0.7802
25.654 0.7805
25.678 0.7809
25.767 0.7813
25.793 0.7816
25.806 0.782
25.821 0.7824
25.883 0.7827
25.889 0.7831
25.926 0.7835
25.956 0.7838
25.997 0.7842
26.005 0.7846
26.087 0.7849
26.118 0.7853
26.13 0.7857
26.164 0.786
26.268 0.7864
26.27 0.7868
26.453 0.7871
26.492 0.7875
26.516 0.7882
26.603 0.7886
26.629 0.789
26.645 0.7893
26.661 0.7897
26.705 0.7901
26.741 0.7904
26.827 0.7908
26.834 0.7911
26.854 0.7915
26.879 0.7919
26.944 0.7922
26.962 0.7926
27.022 0.793
27.047 0.7933
27.097 0.7937
27.125 0.7941
27.305 0.7944
27.393 0.7948
27.416 0.7952
27.46 0.7955
27.479 0.7959
27.483 0.7963
27.488 0.7966
27.535 0.797
27.54 0.7974
27.575 0.7977
27.577 0.7981
27.772 0.7985
27.794 0.7988
28.064 0.7992
28.1 0.7996
28.173 0.7999
28.181 0.8003
28.194 0.8007
28.24 0.801
28.285 0.8014
28.408 0.8018
28.443 0.8021
28.459 0.8025
28.51 0.8029
28.539 0.8032
28.59 0.8036
28.616 0.804
28.623 0.8043
28.65 0.8047
28.673 0.805
28.703 0.8054
28.751 0.8058
28.902 0.8061
28.905 0.8065
28.952 0.8069
29.058 0.8072
29.093 0.8076
29.117 0.808
29.126 0.8083
29.147 0.8087
29.241 0.8091
29.247 0.8094
29.446 0.8098
29.532 0.8102
29.552 0.8105
29.678 0.8109
29.71 0.8113
29.735 0.8116
29.753 0.812
29.786 0.8124
29.792 0.8127
29.877 0.8131
29.987 0.8135
30.02 0.8138
30.057 0.8142
30.1 0.8146
30.168 0.8149
30.191 0.8153
30.251 0.8157
30.272 0.816
30.31 0.8164
30.386 0.8168
30.42 0.8171
30.435 0.8175
30.436 0.8178
30.502 0.8182
30.53 0.8186
30.568 0.8189
30.61 0.8193
30.71 0.8197
30.799 0.82
30.811 0.8204
30.877 0.8208
30.892 0.8211
30.893 0.8215
30.907 0.8219
30.97 0.8222
30.98 0.8226
31.026 0.823
31.068 0.8233
31.117 0.8237
31.156 0.8241
31.2 0.8244
31.216 0.8248
31.303 0.8252
31.441 0.8255
31.481 0.8259
31.486 0.8263
31.489 0.8266
31.517 0.827
31.536 0.8274
31.722 0.8277
31.729 0.8281
31.777 0.8285
31.95 0.8288
31.955 0.8292
31.972 0.8296
31.978 0.8299
31.982 0.8303
32.059 0.8307
32.084 0.831
32.332 0.8314
32.35 0.8317
32.457 0.8321
32.465 0.8325
32.524 0.8328
32.631 0.8332
32.814 0.8336
32.958 0.8339
32.998 0.8343
33.061 0.8347
33.134 0.835
33.257 0.8354
33.311 0.8358
33.359 0.8361
33.453 0.8365
33.468 0.8369
33.576 0.8372
33.618 0.838
33.623 0.8383
33.627 0.8387
33.734 0.8391
33.748 0.8394
33.885 0.8398
34.044 0.8402
34.129 0.8405
34.183 0.8409
34.312 0.8413
34.315 0.8416
34.318 0.842
34.357 0.8424
34.375 0.8427
34.384 0.8431
34.448 0.8435
34.462 0.8438
34.576 0.8442
34.753 0.8446
34.859 0.8449
34.873 0.8453
34.881 0.8456
34.953 0.846
35.128 0.8464
35.146 0.8467
35.227 0.8471
35.278 0.8475
35.356 0.8478
35.375 0.8482
35.389 0.8486
35.434 0.8489
35.533 0.8493
35.534 0.8497
35.609 0.85
35.717 0.8504
35.783 0.8508
35.8 0.8511
35.897 0.8515
36.001 0.8519
36.024 0.8522
36.114 0.8526
36.303 0.853
36.354 0.8533
36.364 0.8537
36.402 0.8541
36.438 0.8544
36.465 0.8548
36.518 0.8552
36.552 0.8555
36.56 0.8559
36.586 0.8563
36.658 0.8566
36.677 0.857
36.789 0.8574
36.802 0.8577
36.862 0.8581
36.903 0.8584
37.014 0.8588
37.079 0.8592
37.222 0.8595
37.254 0.8599
37.316 0.8603
37.479 0.8606
37.489 0.861
37.5 0.8614
37.539 0.8617
37.543 0.8621
37.555 0.8625
37.557 0.8628
37.616 0.8632
37.686 0.8636
37.716 0.8639
37.76 0.8643
37.799 0.8647
37.838 0.865
37.841 0.8654
37.86 0.8658
37.914 0.8661
37.997 0.8665
38.011 0.8669
38.019 0.8672
38.177 0.8676
38.294 0.868
38.351 0.8683
38.373 0.8687
38.422 0.8691
38.471 0.8694
38.478 0.8698
38.529 0.8702
38.575 0.8705
38.912 0.8709
38.95 0.8713
38.954 0.8716
39.121 0.872
39.229 0.8723
39.325 0.8727
39.413 0.8731
39.546 0.8734
39.586 0.8738
39.62 0.8742
39.685 0.8745
39.861 0.8749
40.026 0.8753
40.144 0.8756
40.4 0.876
40.439 0.8764
40.48 0.8767
40.734 0.8771
40.743 0.8775
40.842 0.8778
40.915 0.8782
40.932 0.8786
41.005 0.8789
41.009 0.8793
41.073 0.8797
41.227 0.88
41.4 0.8804
41.426 0.8808
41.482 0.8811
41.665 0.8815
41.744 0.8819
41.791 0.8822
42.054 0.8826
42.167 0.883
42.27 0.8833
42.328 0.8837
42.334 0.8841
42.523 0.8844
42.544 0.8851
42.595 0.8855
42.643 0.8859
42.672 0.8862
42.731 0.8866
42.737 0.887
42.88 0.8873
42.926 0.8877
43.003 0.8881
43.095 0.8884
43.108 0.8888
43.161 0.8892
43.245 0.8895
43.271 0.8899
43.275 0.8903
43.314 0.8906
43.325 0.891
43.491 0.8914
43.842 0.8917
43.881 0.8921
43.903 0.8925
43.968 0.8928
43.984 0.8932
43.986 0.8936
43.997 0.8939
44.086 0.8943
44.221 0.8947
44.258 0.895
44.322 0.8954
44.371 0.8958
44.475 0.8961
44.489 0.8965
44.642 0.8969
44.668 0.8972
44.817 0.8976
44.96 0.898
45.011 0.8983
45.118 0.8987
45.147 0.899
45.193 0.8994
45.327 0.8998
45.444 0.9001
45.513 0.9005
45.549 0.9009
45.641 0.9012
45.662 0.9016
45.674 0.902
45.967 0.9023
45.975 0.9027
46.232 0.9031
46.597 0.9034
46.775 0.9038
46.814 0.9042
46.885 0.9045
46.907 0.9049
46.978 0.9053
47.215 0.9056
47.342 0.906
47.39 0.9064
47.497 0.9067
47.594 0.9071
47.615 0.9075
47.668 0.9078
47.705 0.9082
47.742 0.9086
47.784 0.9089
47.884 0.9093
47.975 0.9097
48.006 0.91
48.032 0.9104
48.058 0.9108
48.201 0.9111
48.227 0.9115
48.259 0.9119
48.269 0.9122
48.337 0.9126
48.566 0.9129
48.851 0.9133
48.909 0.9137
48.978 0.914
48.981 0.9144
49.281 0.9148
49.429 0.9151
49.687 0.9155
49.853 0.9159
49.925 0.9162
49.966 0.9166
50.132 0.917
50.39 0.9173
50.436 0.9177
50.468 0.9181
50.578 0.9184
50.593 0.9188
50.655 0.9192
50.682 0.9195
50.692 0.9199
50.695 0.9203
50.738 0.9206
50.751 0.921
50.795 0.9214
50.969 0.9217
51.038 0.9221
51.088 0.9225
51.375 0.9228
51.494 0.9232
51.62 0.9236
51.687 0.9239
51.792 0.9243
52.128 0.9247
52.173 0.925
52.198 0.9254
52.253 0.9257
52.287 0.9261
52.29 0.9265
52.473 0.9268
52.515 0.9272
52.621 0.9276
53.087 0.9279
53.192 0.9283
53.285 0.9287
53.464 0.929
53.498 0.9294
53.691 0.9298
53.738 0.9301
53.766 0.9305
53.857 0.9309
53.975 0.9312
54.176 0.9316
54.181 0.932
54.42 0.9323
54.551 0.9327
54.599 0.9331
54.66 0.9334
54.827 0.9338
55.122 0.9342
55.169 0.9345
55.19 0.9349
55.269 0.9353
55.334 0.9356
55.416 0.936
55.462 0.9364
55.884 0.9367
55.968 0.9371
55.991 0.9375
56.088 0.9378
56.342 0.9382
56.83 0.9386
56.85 0.9389
56.862 0.9393
56.985 0.9396
57.2 0.94
57.271 0.9404
57.341 0.9407
57.502 0.9411
57.741 0.9415
57.743 0.9418
57.77 0.9422
57.825 0.9426
58.115 0.9429
58.225 0.9433
58.817 0.9437
59 0.944
59.075 0.9444
59.191 0.9448
59.828 0.9451
60.057 0.9455
60.354 0.9459
60.607 0.9462
60.647 0.9466
60.757 0.947
61.028 0.9473
61.053 0.9477
61.057 0.9481
61.349 0.9484
61.693 0.9488
62.024 0.9492
62.033 0.9495
62.052 0.9499
62.281 0.9503
62.43 0.9506
62.681 0.951
62.792 0.9514
63.025 0.9521
63.235 0.9525
63.258 0.9528
63.279 0.9532
63.878 0.9535
64.112 0.9539
64.2 0.9543
64.558 0.9546
64.661 0.955
64.897 0.9554
64.996 0.9557
65 0.9561
65.098 0.9565
65.474 0.9568
65.588 0.9572
65.857 0.9576
66.032 0.9579
66.087 0.9583
66.538 0.9587
66.912 0.959
67.567 0.9594
67.611 0.9598
67.703 0.9601
67.813 0.9605
67.945 0.9609
68.103 0.9612
68.351 0.9616
68.753 0.962
68.938 0.9623
69.682 0.9627
69.706 0.9631
70.217 0.9634
70.376 0.9638
70.608 0.9642
70.611 0.9645
70.771 0.9649
71.145 0.9653
72.466 0.9656
73.466 0.966
73.655 0.9663
74.096 0.9667
74.555 0.9671
74.56 0.9674
74.963 0.9678
75.067 0.9682
76.018 0.9685
76.101 0.9689
76.329 0.9693
76.585 0.9696
77.233 0.97
77.831 0.9704
77.901 0.9707
78.665 0.9711
78.972 0.9715
79.627 0.9718
79.911 0.9722
80.321 0.9726
80.436 0.9729
80.483 0.9733
80.505 0.9737
80.682 0.974
81.538 0.9744
81.975 0.9748
82.46 0.9751
82.627 0.9755
83.073 0.9759
83.242 0.9762
83.492 0.9766
84.116 0.977
84.12 0.9773
84.337 0.9777
85.616 0.9781
86.149 0.9784
86.265 0.9788
86.405 0.9792
86.653 0.9795
89.024 0.9799
89.352 0.9802
90.83 0.9806
91.496 0.981
92.202 0.9813
92.616 0.9817
94.627 0.9821
95.127 0.9824
95.171 0.9828
95.884 0.9832
97.436 0.9835
98.542 0.9839
98.705 0.9843
99.293 0.9846
99.501 0.985
101.588 0.9854
102.102 0.9857
102.711 0.9861
105.545 0.9865
105.563 0.9868
106 0.9872
106.723 0.9876
107.986 0.9879
108.157 0.9883
109.311 0.9887
109.486 0.989
109.752 0.9894
110.071 0.9898
110.173 0.9901
111.775 0.9905
112.579 0.9909
114.104 0.9912
117.324 0.9916
119.436 0.992
120.152 0.9923
126.232 0.9927
126.897 0.9931
129.601 0.9934
131.018 0.9938
133.734 0.9941
138.086 0.9945
146.621 0.9949
153.801 0.9952
155.638 0.9956
156.399 0.996
160.732 0.9963
165.371 0.9967
174.696 0.9971
179.054 0.9974
181.977 0.9978
185.229 0.9982
197.76 0.9985
202.85 0.9989
216.186 0.9993
233.813 0.9996
289.427 1
