0.021
0.133
0.107
0.074
0.209
0.009
0.458
0.048
0.485
0.229
0.862
0.500
0.020
3.083
2.547
0.125
4.984
2.214
4.142
8.421
2.256
3.255
2.098
9.572
0.066
0.637
1.309
0.970
0.218
1.906
1.840
6.959
5.785
2.895
8.246
0.273
10.887
3.541
1.672
0.874
1.089
1.621
1.706
2.140
0.066
3.120
0.913
7.621
3.594
0.251
2.712
0.901
3.966
1.933
4.854
1.575
0.808
0.892
0.281
1.483
19.173
17.693
3.822
13.874
1.558
5.520
5.066
2.099
1.875
6.815
15.286
0.998
3.530
5.477
21.533
5.955
4.599
1.291
1.503
0.123
8.449
1.125
5.362
4.183
1.187
23.748
9.178
0.416
1.122
5.809
4.506
4.526
2.347
14.331
13.952
3.747
3.828
2.054
2.359
1.850
2.945
3.743
17.845
1.122
34.315
5.279
5.072
24.660
1.014
0.460
18.735
1.643
13.069
11.642
6.045
23.819
0.607
1.893
16.029
5.957
2.497
1.818
13.470
6.629
3.157
1.764
8.781
3.071
3.259
2.170
0.464
3.417
2.689
5.230
10.674
0.187
3.748
0.791
1.888
15.315
1.634
2.200
0.938
13.445
3.245
4.489
0.724
8.227
1.616
0.558
3.820
3.599
3.155
1.734
3.991
2.771
1.383
14.118
5.346
5.146
7.012
0.372
10.590
0.592
1.913
10.004
2.627
1.331
0.065
0.147
3.163
3.664
8.415
8.903
5.678
3.840
0.870
2.962
1.229
0.647
8.351
10.968
2.624
0.383
2.682
1.706
2.405
0.040
24.992
13.816
3.163
5.846
8.530
14.842
0.868
4.162
6.796
7.141
4.744
12.090
3.230
4.568
0.750
14.480
2.001
5.141
0.491
2.217
3.475
2.684
0.133
6.639
15.023
7.328
10.208
33.576
2.304
10.368
9.244
0.009
17.666
10.652
6.881
8.841
9.856
0.368
32.084
10.231
1.809
3.611
5.223
3.054
0.470
7.871
11.798
2.557
8.027
25.393
4.754
0.272
4.707
8.511
10.964
15.946
7.092
5.195
11.034
10.903
1.658
6.543
5.761
17.711
4.106
0.072
6.848
3.002
10.378
11.114
2.561
1.323
0.783
0.428
2.588
0.699
5.867
20.784
4.178
2.837
3.514
3.987
1.451
1.686
12.339
5.738
3.275
4.287
18.528
5.085
0.275
16.243
16.791
1.046
8.567
0.094
25.806
9.094
2.541
15.755
3.633
4.996
0.994
2.041
0.691
0.073
6.816
6.002
10.332
19.797
1.411
2.973
0.078
7.680
18.964
3.858
1.630
3.805
3.009
11.918
7.467
1.942
1.642
1.395
0.461
9.245
1.130
0.049
3.191
1.545
4.709
7.597
2.235
11.581
5.693
4.655
1.224
9.781
4.940
4.853
3.805
0.741
19.143
2.277
18.146
0.759
21.302
5.798
12.292
1.483
30.310
6.519
53.087
1.290
7.331
0.533
0.831
7.428
28.443
35.609
0.070
11.766
2.443
6.899
45.011
2.273
0.844
12.485
2.324
4.985
11.421
3.222
63.025
4.000
7.530
18.043
16.348
20.297
12.913
3.131
1.375
9.823
1.560
5.801
2.788
34.375
7.646
5.008
3.727
47.742
8.822
4.062
4.928
10.124
6.872
6.513
48.851
5.616
12.262
1.530
6.366
17.294
0.126
0.082
23.195
23.542
2.074
0.796
14.959
10.899
0.752
11.137
1.777
3.183
12.541
6.402
2.810
0.067
4.329
22.822
16.465
18.857
0.893
27.488
1.009
1.106
0.740
2.932
2.829
13.989
1.656
1.550
0.143
21.270
7.719
0.251
8.945
3.413
4.741
22.413
1.437
2.456
1.663
4.067
13.256
2.584
38.529
0.203
33.618
0.447
3.380
1.544
2.218
0.681
4.741
0.359
6.189
0.705
1.527
2.477
26.118
6.435
0.288
2.304
4.837
1.116
10.979
2.753
5.102
22.214
12.351
3.478
13.061
2.245
5.525
33.623
4.519
15.155
30.610
12.257
6.659
13.892
4.989
0.869
2.862
5.060
5.115
0.201
23.060
2.896
20.282
5.146
18.954
13.966
0.371
19.890
6.505
0.614
4.179
8.957
6.050
1.379
12.955
1.973
1.826
3.735
40.743
5.874
9.074
15.372
2.522
0.497
0.463
1.196
1.243
4.047
2.485
2.305
0.117
0.538
3.754
3.511
4.621
4.853
2.686
8.328
30.877
0.805
1.281
9.272
9.214
6.142
39.121
4.740
4.823
2.198
1.139
1.717
1.093
5.412
2.992
5.175
2.847
3.809
0.359
1.185
3.443
4.936
2.742
7.751
10.731
0.192
2.370
9.412
1.310
4.108
3.439
8.238
0.150
4.043
2.136
0.129
7.610
7.749
8.924
3.698
2.321
15.877
5.755
22.255
18.789
22.307
5.489
6.629
17.505
0.986
11.255
1.905
1.972
6.181
1.552
4.990
8.848
9.759
8.633
27.483
22.435
1.450
5.782
6.757
4.969
7.719
3.071
2.967
37.014
0.856
14.990
6.016
2.107
5.166
2.455
39.413
4.932
15.420
0.249
22.946
26.516
6.686
5.690
2.514
5.428
19.236
11.572
1.438
27.047
6.383
14.251
3.655
11.815
8.714
19.935
8.988
2.275
22.337
7.241
2.385
1.338
4.559
10.017
8.815
37.555
0.971
2.674
14.084
1.256
6.152
3.349
2.040
10.977
4.053
12.218
18.752
0.773
26.834
23.990
1.326
5.789
14.876
13.276
16.409
15.939
3.359
5.714
2.465
12.730
4.474
20.617
3.128
2.357
1.416
10.187
13.824
14.952
5.433
0.599
1.829
18.835
0.265
0.083
0.005
5.126
12.871
8.642
11.706
29.247
3.158
6.344
21.914
17.554
39.229
3.801
3.301
14.328
2.996
4.038
5.001
5.364
0.921
0.478
18.684
0.982
2.580
1.832
3.781
2.340
9.347
4.413
7.818
4.444
30.435
4.851
1.179
0.594
24.427
2.129
28.173
11.205
12.937
3.794
7.110
11.838
1.706
13.454
0.539
1.350
0.599
6.423
26.453
17.011
9.455
1.800
0.187
5.029
9.093
9.508
15.505
4.041
6.231
2.955
0.769
4.780
5.488
1.451
13.240
16.460
17.017
4.961
4.395
1.384
0.732
0.348
1.741
2.913
4.397
0.330
10.632
3.765
11.273
1.096
25.070
3.086
1.682
12.772
35.800
1.314
0.791
7.099
21.587
9.809
2.872
1.500
8.029
8.449
11.748
1.327
7.615
22.143
5.426
16.101
7.573
2.757
49.925
9.026
8.545
1.064
1.198
3.647
11.900
0.286
12.228
33.453
16.256
0.703
2.172
10.776
2.869
37.222
1.563
13.129
10.076
4.085
0.112
1.918
5.216
3.245
4.510
0.468
4.042
0.453
6.774
13.668
19.822
0.720
13.843
9.304
2.888
26.661
4.300
2.416
0.586
18.841
8.643
0.016
2.128
5.085
0.479
8.305
12.428
0.304
18.790
17.480
0.348
4.383
6.041
4.926
2.564
2.802
0.931
28.240
5.919
3.681
1.852
0.047
27.393
1.837
37.914
10.388
2.353
0.539
10.747
10.295
13.540
9.649
19.527
0.188
1.106
27.540
9.039
5.856
0.856
0.148
7.219
3.432
4.941
15.686
3.793
1.397
2.832
0.476
42.054
28.285
17.020
21.558
28.751
0.380
3.000
7.575
8.977
13.043
1.749
7.723
17.025
14.200
21.208
3.806
6.504
3.653
3.907
7.845
4.375
11.070
2.118
3.211
14.852
2.537
4.148
2.608
17.067
0.154
6.073
0.114
10.527
0.636
21.869
7.880
16.150
28.459
12.627
9.602
6.722
5.087
5.981
0.329
11.459
2.483
12.832
29.753
4.195
20.233
9.679
2.819
22.899
6.637
3.858
6.433
1.614
7.904
1.156
21.711
11.227
1.002
3.449
3.234
26.516
0.401
20.546
5.418
9.544
8.865
3.631
20.477
6.280
54.420
7.302
36.903
1.543
21.781
9.606
0.336
0.517
0.579
5.761
3.355
9.195
8.842
12.698
24.269
10.132
2.101
3.193
8.999
21.414
7.326
0.343
6.086
16.453
6.754
4.009
29.735
2.270
6.869
0.428
6.024
1.757
21.753
27.577
12.158
36.114
2.514
4.742
1.910
7.664
4.249
0.125
4.637
1.011
16.375
0.551
10.283
19.210
3.652
5.691
0.349
2.714
8.105
0.975
1.994
32.332
16.158
7.267
22.910
8.659
7.028
9.032
31.489
5.889
0.952
7.267
17.501
2.420
3.377
8.970
10.280
2.727
9.558
10.371
0.228
1.951
2.956
1.512
12.938
5.083
0.110
2.340
11.589
0.062
12.431
1.078
42.737
0.997
2.156
2.530
9.442
3.890
29.446
14.889
3.180
6.276
5.673
5.236
5.707
3.726
2.242
20.113
4.844
6.551
15.846
1.735
15.562
11.939
1.067
6.666
23.423
1.375
20.669
0.082
8.205
34.183
18.784
9.383
1.308
3.384
7.853
11.504
17.683
6.269
23.399
6.689
7.644
7.966
16.047
1.285
18.235
19.687
1.140
9.282
4.502
8.235
16.524
3.739
15.535
13.180
0.334
0.248
4.618
14.181
7.032
0.814
0.265
5.794
2.054
15.399
9.184
1.452
5.183
76.101
1.373
0.556
6.447
6.335
17.360
15.429
53.691
5.351
2.976
1.462
0.150
7.428
26.944
3.587
12.442
0.653
11.125
3.945
13.837
10.257
8.950
7.792
12.268
40.439
2.269
7.967
10.278
15.773
17.368
0.959
0.193
0.737
11.507
1.658
19.501
2.540
16.052
1.969
31.536
5.922
3.350
10.696
1.183
2.737
11.051
14.438
4.266
15.431
0.586
10.338
21.990
11.575
10.465
2.903
3.410
30.502
6.684
9.829
0.348
0.950
5.948
26.268
1.638
8.393
2.028
19.719
2.722
1.086
6.584
0.221
4.331
5.671
9.692
5.700
2.004
14.636
17.142
18.696
1.144
3.358
4.206
14.671
17.435
0.196
17.033
18.269
21.492
11.369
5.850
10.017
54.181
8.306
52.515
28.952
0.478
0.773
0.031
15.443
9.209
22.120
9.503
4.950
3.564
9.880
11.283
25.926
14.811
43.161
17.195
18.963
16.557
1.728
1.393
2.070
0.121
5.931
58.817
10.708
3.954
7.818
4.901
1.149
20.125
11.214
15.118
0.027
1.578
24.037
18.202
4.990
15.268
4.192
11.466
5.586
0.536
22.484
17.667
7.801
9.464
6.318
31.972
33.468
36.024
14.003
1.427
8.741
22.613
22.793
16.707
36.658
1.001
11.200
4.423
7.210
4.653
21.147
17.213
13.736
11.138
23.649
68.351
21.857
7.944
26.492
7.506
22.285
4.361
1.879
7.330
19.870
21.328
55.122
9.573
0.822
1.105
4.380
2.423
0.298
7.158
1.103
11.338
42.926
1.304
4.541
6.252
0.067
24.572
15.048
62.281
2.792
52.287
9.035
0.522
0.678
0.255
0.257
1.134
5.192
0.964
1.276
1.491
20.264
1.776
5.035
22.771
98.705
1.430
37.616
39.325
25.294
34.129
36.789
1.741
37.500
5.975
16.115
45.513
2.575
18.239
3.828
66.912
34.357
9.547
0.845
1.472
8.470
19.147
36.862
6.102
22.662
1.033
6.032
13.074
6.878
70.376
64.661
18.696
16.853
5.718
8.371
21.576
7.186
15.129
0.868
2.291
13.727
0.687
13.809
14.154
16.414
0.293
28.539
8.689
12.638
8.894
50.695
2.247
43.986
12.273
12.939
4.605
45.193
9.089
36.802
12.962
29.058
46.885
9.454
0.118
5.347
67.703
14.997
45.549
2.983
42.880
14.643
45.327
31.481
24.630
15.672
18.561
5.878
20.001
16.011
15.053
77.233
2.212
3.115
10.465
54.599
44.817
7.313
4.486
1.595
6.075
0.043
11.368
1.218
6.217
6.376
0.075
18.748
2.212
5.968
5.655
17.662
22.659
11.535
7.155
19.299
25.678
5.280
10.409
2.857
45.674
12.134
24.076
27.416
42.544
95.171
39.861
47.784
12.785
16.578
34.044
0.511
2.832
7.363
7.095
8.405
21.937
14.532
2.025
1.386
28.703
7.301
1.887
1.705
15.081
15.893
32.958
8.629
23.171
9.087
12.979
9.831
23.073
29.877
17.130
0.073
0.350
38.478
0.449
0.383
45.975
4.776
0.297
16.328
8.430
80.483
20.003
9.364
1.271
3.813
30.420
0.696
2.407
10.908
16.997
2.788
2.808
15.750
0.092
28.181
14.275
9.364
2.704
21.938
10.247
2.928
6.355
0.752
55.416
7.447
36.518
11.293
20.349
18.986
2.972
36.560
14.549
9.606
6.917
52.128
24.667
26.164
17.632
14.648
27.460
0.511
5.667
50.578
0.114
4.459
4.571
3.645
53.766
22.687
95.127
0.476
18.470
16.429
11.057
2.043
4.146
21.628
35.533
6.777
10.718
0.720
60.354
9.196
12.579
2.715
0.277
1.884
4.995
42.270
48.058
28.100
0.544
35.534
46.775
1.532
58.225
23.801
1.222
3.046
3.333
1.986
19.929
23.761
52.198
0.023
15.920
31.200
43.245
15.039
16.470
61.028
2.481
2.987
48.227
41.665
4.214
3.960
126.232
55.190
8.673
37.841
17.803
31.486
26.854
9.250
9.141
2.390
54.551
25.620
1.705
11.577
42.167
10.086
26.879
11.257
47.668
26.270
1.946
7.621
24.792
3.246
43.314
5.355
2.257
25.889
5.929
4.711
37.254
12.093
37.760
41.400
6.091
37.479
20.953
3.257
4.876
11.493
10.477
22.514
11.207
4.204
1.546
16.329
19.187
25.654
17.568
8.232
110.071
61.053
2.796
21.770
16.327
3.999
9.349
0.924
1.369
6.858
30.907
3.488
43.325
3.901
106.000
5.152
9.176
16.862
3.067
30.892
59.191
17.151
17.162
0.109
14.102
13.722
59.000
69.706
12.050
28.623
0.195
62.033
2.411
22.606
41.744
63.025
37.539
29.552
25.465
24.320
3.096
43.984
22.613
30.710
8.746
20.060
63.235
0.659
28.408
2.511
8.582
50.390
22.050
0.384
18.566
28.616
25.793
18.572
17.526
15.622
32.059
22.605
15.722
0.904
3.997
27.535
1.375
47.615
18.789
21.172
8.417
20.644
8.088
42.595
10.936
8.744
20.486
99.501
56.830
9.977
26.130
13.455
11.479
20.253
18.745
5.562
3.560
31.216
32.631
32.350
0.814
4.586
3.760
3.274
24.282
19.352
20.728
26.827
20.069
10.350
27.022
49.966
31.156
20.603
20.257
8.921
0.174
37.489
0.482
12.631
19.504
22.571
14.446
2.210
8.475
50.692
0.888
4.099
22.043
12.376
13.391
12.855
38.373
25.224
37.838
0.669
15.148
22.290
10.718
50.655
15.109
22.187
45.147
55.968
29.710
3.587
5.052
7.322
1.977
6.536
13.096
8.487
24.702
8.095
0.153
5.342
9.147
7.613
5.279
0.342
6.425
14.480
11.479
62.024
289.427
5.657
22.987
1.884
2.027
24.470
9.463
13.500
23.145
7.790
0.821
85.616
3.509
30.272
8.858
16.255
1.339
3.662
9.735
9.495
4.016
4.051
18.487
14.657
42.544
13.166
1.387
4.686
17.834
9.998
0.040
57.743
2.318
2.528
3.715
14.501
53.464
31.517
3.155
8.984
18.971
1.866
38.019
89.024
17.639
5.834
10.776
11.230
13.103
44.322
26.645
0.080
35.356
0.093
43.997
41.009
38.177
74.096
26.629
23.560
23.273
10.613
19.610
25.411
22.198
4.309
6.409
4.247
43.881
11.057
52.173
60.057
9.681
30.799
3.112
9.118
10.540
1.859
4.056
30.251
20.778
48.269
45.662
21.743
10.188
17.763
6.844
76.018
60.607
6.950
114.104
24.715
65.857
21.263
49.687
1.798
16.102
6.632
19.405
15.704
2.537
36.438
18.739
18.258
1.851
9.911
17.124
4.533
5.394
7.859
0.037
30.100
9.201
1.649
33.618
77.901
49.853
30.436
24.163
10.359
0.249
28.590
9.188
2.237
23.459
22.366
2.864
45.967
5.152
1.253
16.638
16.777
23.531
7.507
48.978
11.853
50.436
17.786
20.854
0.254
0.687
17.923
7.423
5.241
30.191
27.125
28.905
110.173
40.932
51.088
8.137
109.752
0.832
16.560
21.448
13.122
26.603
24.117
7.287
20.294
20.754
20.975
3.334
9.267
17.607
26.087
5.508
84.120
91.496
11.060
15.567
4.594
0.233
4.385
20.288
0.937
13.530
15.937
19.725
21.301
24.950
10.624
34.448
10.352
1.851
28.064
21.275
14.036
44.371
20.281
27.794
5.962
11.994
11.717
23.330
8.083
17.738
38.011
25.392
50.468
1.866
8.606
50.751
38.950
6.278
1.443
2.272
50.795
6.926
9.287
31.777
57.502
7.167
35.389
17.021
21.924
29.147
16.759
0.123
42.334
160.732
13.071
30.970
15.439
77.831
7.273
1.510
29.532
81.538
25.883
56.862
14.669
8.030
32.465
10.772
53.285
131.018
17.895
25.443
27.772
13.235
10.069
43.108
41.426
8.852
68.103
7.161
14.203
41.791
67.813
38.471
44.258
21.824
36.303
79.627
45.444
8.525
4.515
20.905
21.577
99.293
6.461
28.194
6.858
56.342
15.047
112.579
50.593
16.816
6.374
20.658
17.222
12.275
0.063
20.042
7.142
40.026
21.502
55.169
9.611
8.368
95.884
36.402
30.811
3.220
10.247
44.668
10.204
13.849
6.519
70.611
15.179
19.909
4.573
30.530
20.544
55.991
8.677
50.969
39.546
12.033
50.738
8.163
1.395
15.012
8.887
14.230
24.980
16.950
3.092
55.884
20.598
65.000
34.753
3.108
65.474
1.308
14.857
19.682
57.741
22.806
6.736
46.978
62.430
16.110
22.450
18.044
41.005
5.219
24.411
28.902
20.879
16.823
9.413
62.052
52.621
18.229
11.795
13.666
24.183
10.222
31.729
3.124
2.851
4.371
3.158
4.303
22.931
31.722
0.385
21.722
47.705
12.268
39.685
25.956
10.854
12.387
16.652
29.126
10.219
66.032
11.845
14.746
8.720
4.881
58.115
10.096
24.240
28.673
16.621
22.488
23.223
31.982
3.578
15.405
10.470
15.251
7.478
28.650
33.061
17.466
55.462
17.190
5.670
43.491
21.270
126.897
3.726
83.242
12.146
38.351
2.513
10.081
42.523
8.421
16.172
24.093
13.733
78.665
61.693
1.131
7.811
57.770
33.734
7.168
13.449
6.537
64.112
2.837
28.510
10.870
10.928
74.555
57.341
8.099
23.631
80.505
51.792
5.246
21.707
40.915
5.499
7.601
4.014
0.075
4.489
36.552
8.335
9.590
0.491
0.523
44.475
11.708
5.130
25.767
16.699
4.843
34.318
7.133
61.057
25.519
46.232
22.410
2.541
17.983
3.063
34.462
19.329
23.969
16.775
2.691
24.943
1.096
1.321
16.369
47.975
21.987
13.209
25.094
36.677
9.887
19.047
6.621
7.688
3.757
13.081
3.929
78.972
22.475
62.792
46.907
6.668
9.193
32.457
10.683
25.821
3.096
21.432
20.713
18.628
48.006
12.726
0.705
20.796
23.772
8.244
97.436
86.265
1.228
21.448
21.799
30.020
1.193
64.996
29.786
17.661
36.586
23.019
43.271
7.899
0.123
3.722
19.831
53.192
15.187
57.271
24.006
84.116
25.997
41.073
7.322
5.083
101.588
5.158
65.588
23.770
60.757
3.129
9.161
20.942
0.612
31.441
0.250
53.857
55.334
47.215
17.777
5.473
6.430
7.762
35.227
10.470
22.713
7.406
11.055
86.653
31.950
36.354
29.093
7.011
44.960
27.305
2.978
2.057
4.122
23.233
9.954
3.166
24.557
10.450
4.505
63.878
47.342
9.403
54.827
24.907
34.859
0.994
31.978
105.545
13.262
2.928
64.200
37.079
2.222
23.696
35.783
1.185
35.434
3.432
5.703
35.375
120.152
43.968
108.157
16.524
2.229
48.032
7.158
10.432
2.688
26.741
22.544
32.524
23.760
5.735
6.475
15.064
6.217
2.759
13.435
1.493
48.201
40.480
25.460
33.134
1.910
0.580
6.779
30.168
22.404
1.934
23.451
1.624
11.082
1.933
1.585
26.962
34.312
31.955
4.933
4.601
3.884
47.884
37.686
6.357
33.311
29.792
7.329
5.308
0.668
53.498
11.176
43.003
4.226
3.901
24.510
35.897
0.443
19.516
36.364
2.486
48.337
9.063
50.682
22.433
17.733
13.108
1.792
4.315
3.431
24.749
12.944
42.643
30.893
51.375
4.295
6.866
8.223
5.165
4.183
1.218
18.456
9.768
17.242
8.530
44.489
12.328
21.227
34.576
0.606
5.007
46.597
18.146
6.223
39.620
70.608
21.211
48.566
29.117
7.473
10.936
56.985
48.981
36.465
62.681
33.748
81.975
20.441
1.304
44.642
40.734
51.620
6.792
35.128
21.207
8.759
19.731
2.463
65.098
24.001
64.558
33.257
14.159
51.687
61.349
9.534
1.064
8.042
0.367
29.241
20.634
19.923
3.966
31.117
16.875
7.770
34.873
6.403
43.095
4.298
2.205
9.403
24.995
10.150
11.755
14.042
18.445
38.575
55.269
10.953
45.118
12.230
21.460
185.229
49.429
12.604
1.868
9.119
7.584
4.495
10.127
155.638
67.945
10.246
18.986
16.806
30.980
2.340
14.742
15.309
36.001
38.422
92.616
37.799
2.110
15.986
1.600
38.912
84.337
4.200
9.454
50.132
52.473
22.019
10.123
46.814
0.105
4.557
86.405
11.978
22.474
10.463
63.258
51.038
13.247
13.435
33.885
9.513
90.830
31.303
16.108
32.814
45.641
1.456
14.921
2.101
16.715
2.804
59.075
19.107
66.538
59.828
10.283
6.403
56.850
5.987
102.102
12.075
34.953
17.134
32.998
68.753
11.278
2.153
30.568
39.586
3.045
106.723
37.316
1.336
19.416
174.696
0.776
0.617
3.392
1.355
2.419
37.543
15.651
9.474
42.672
53.975
5.842
8.499
15.033
48.259
1.414
0.202
0.298
0.961
2.211
6.619
20.007
70.217
35.278
7.214
3.507
80.682
4.733
82.627
17.060
8.574
57.200
42.731
17.812
30.386
9.024
49.281
3.322
56.088
43.275
51.494
6.892
0.546
43.903
3.808
86.149
73.655
72.466
68.938
1.350
52.253
44.221
63.279
8.470
60.647
82.460
52.290
42.328
23.596
1.783
27.479
31.026
47.390
35.146
11.352
80.321
14.097
7.973
5.248
18.024
24.242
69.682
67.611
74.560
15.919
22.795
48.909
34.384
54.176
4.015
17.196
2.980
53.738
92.202
23.332
2.414
47.594
4.632
16.434
37.860
13.422
2.769
64.897
8.506
13.997
7.078
2.440
16.902
6.282
54.660
4.886
23.723
41.227
22.108
18.716
76.585
23.207
21.475
67.567
2.334
138.086
66.087
47.497
23.772
80.436
165.371
94.627
24.146
26.705
202.850
37.557
74.963
6.184
73.466
4.092
156.399
29.678
13.913
12.296
20.139
109.486
133.734
153.801
70.771
76.329
33.627
40.842
3.065
4.985
34.881
1.175
0.386
14.249
27.575
79.911
27.097
5.565
29.987
15.201
35.717
40.400
23.813
24.796
14.084
6.006
38.294
21.641
233.813
57.825
71.145
8.581
37.716
197.760
37.997
44.086
117.324
75.067
30.057
43.842
40.144
111.775
38.954
31.068
33.359
41.482
129.601
10.663
107.986
146.621
14.553
25.649
7.208
14.470
119.436
2.403
105.563
179.054
5.409
98.542
89.352
216.186
109.311
83.492
18.837
83.073
26.005
102.711
181.977
