0 0.0059
0.001 0.0129
0.002 0.0202
0.003 0.0275
0.004 0.0349
0.005 0.0421
0.006 0.0492
0.007 0.0563
0.008 0.063
0.009 0.0701
0.01 0.0769
0.011 0.0836
0.012 0.09
0.013 0.0965
0.014 0.1029
0.015 0.1093
0.016 0.1156
0.017 0.1217
0.018 0.1276
0.019 0.1335
0.02 0.1394
0.021 0.1453
0.022 0.1511
0.023 0.1568
0.024 0.1626
0.025 0.1683
0.026 0.1739
0.027 0.1794
0.028 0.1849
0.029 0.1904
0.03 0.1958
0.031 0.2012
0.032 0.2065
0.033 0.2116
0.034 0.2168
0.035 0.2221
0.036 0.2272
0.037 0.2322
0.038 0.2372
0.039 0.2422
0.04 0.247
0.041 0.2521
0.042 0.2571
0.043 0.2619
0.044 0.2669
0.045 0.2719
0.046 0.2769
0.047 0.2814
0.048 0.2863
0.049 0.2907
0.05 0.2952
0.051 0.2995
0.052 0.304
0.053 0.3085
0.054 0.3127
0.055 0.3169
0.056 0.3213
0.057 0.3255
0.058 0.3297
0.059 0.3337
0.06 0.3377
0.061 0.342
0.062 0.346
0.063 0.3502
0.064 0.3541
0.065 0.3581
0.066 0.3622
0.067 0.3661
0.068 0.37
0.069 0.374
0.07 0.378
0.071 0.3818
0.072 0.3856
0.073 0.3894
0.074 0.3933
0.075 0.3971
0.076 0.401
0.077 0.4049
0.078 0.4088
0.079 0.4125
0.08 0.416
0.081 0.4197
0.082 0.4232
0.083 0.4268
0.084 0.4304
0.085 0.434
0.086 0.4375
0.087 0.441
0.088 0.4442
0.089 0.4477
0.09 0.451
0.091 0.4543
0.092 0.4576
0.093 0.4611
0.094 0.4644
0.095 0.4677
0.096 0.4709
0.097 0.4743
0.098 0.4776
0.099 0.4807
0.1 0.4839
0.101 0.4871
0.102 0.4902
0.103 0.4933
0.104 0.4963
0.105 0.4994
0.106 0.5026
0.107 0.5055
0.108 0.5085
0.109 0.5115
0.11 0.5144
0.111 0.5173
0.112 0.5202
0.113 0.5232
0.114 0.5259
0.115 0.5289
0.116 0.5316
0.117 0.5343
0.118 0.5371
0.119 0.54
0.12 0.5426
0.121 0.5455
0.122 0.5483
0.123 0.551
0.124 0.5536
0.125 0.5563
0.126 0.559
0.127 0.5617
0.128 0.5644
0.129 0.5669
0.13 0.5697
0.131 0.5724
0.132 0.575
0.133 0.5776
0.134 0.5801
0.135 0.5827
0.136 0.5851
0.137 0.5875
0.138 0.5899
0.139 0.5922
0.14 0.5946
0.141 0.5969
0.142 0.5993
0.143 0.6016
0.144 0.6039
0.145 0.6062
0.146 0.6086
0.147 0.611
0.148 0.6134
0.149 0.6156
0.15 0.618
0.151 0.6203
0.152 0.6228
0.153 0.6253
0.154 0.6277
0.155 0.6298
0.156 0.632
0.157 0.6342
0.158 0.6362
0.159 0.6384
0.16 0.6406
0.161 0.6428
0.162 0.6448
0.163 0.6468
0.164 0.6489
0.165 0.651
0.166 0.653
0.167 0.655
0.168 0.657
0.169 0.659
0.17 0.661
0.171 0.6629
0.172 0.6649
0.173 0.6669
0.174 0.6688
0.175 0.6708
0.176 0.6727
0.177 0.6746
0.178 0.6766
0.179 0.6785
0.18 0.6803
0.181 0.6823
0.182 0.6842
0.183 0.6859
0.184 0.6877
0.185 0.6895
0.186 0.6913
0.187 0.693
0.188 0.6948
0.189 0.6965
0.19 0.6983
0.191 0.7001
0.192 0.7018
0.193 0.7037
0.194 0.7054
0.195 0.707
0.196 0.7087
0.197 0.7106
0.198 0.7121
0.199 0.7136
0.2 0.7153
0.201 0.7168
0.202 0.7184
0.203 0.72
0.204 0.7216
0.205 0.7232
0.206 0.7248
0.207 0.7264
0.208 0.7281
0.209 0.7295
0.21 0.7312
0.211 0.7327
0.212 0.7342
0.213 0.7356
0.214 0.7371
0.215 0.7385
0.216 0.7399
0.217 0.7413
0.218 0.7428
0.219 0.7444
0.22 0.7459
0.221 0.7473
0.222 0.7487
0.223 0.75
0.224 0.7515
0.225 0.7529
0.226 0.7545
0.227 0.7559
0.228 0.7575
0.229 0.7589
0.23 0.7603
0.231 0.7616
0.232 0.7629
0.233 0.7643
0.234 0.7657
0.235 0.7671
0.236 0.7684
0.237 0.7698
0.238 0.7711
0.239 0.7724
0.24 0.7736
0.241 0.775
0.242 0.7762
0.243 0.7777
0.244 0.7789
0.245 0.7802
0.246 0.7815
0.247 0.7827
0.248 0.784
0.249 0.7853
0.25 0.7867
0.251 0.7878
0.252 0.7891
0.253 0.7903
0.254 0.7914
0.255 0.7926
0.256 0.7938
0.257 0.795
0.258 0.7961
0.259 0.7972
0.26 0.7984
0.261 0.7994
0.262 0.8004
0.263 0.8016
0.264 0.8028
0.265 0.804
0.266 0.8051
0.267 0.8062
0.268 0.8073
0.269 0.8084
0.27 0.8095
0.271 0.8106
0.272 0.8116
0.273 0.8128
0.274 0.8139
0.275 0.8149
0.276 0.816
0.277 0.8169
0.278 0.8179
0.279 0.8188
0.28 0.8199
0.281 0.8208
0.282 0.8219
0.283 0.8229
0.284 0.8239
0.285 0.8248
0.286 0.8257
0.287 0.8267
0.288 0.8277
0.289 0.8286
0.29 0.8296
0.291 0.8306
0.292 0.8316
0.293 0.8325
0.294 0.8334
0.295 0.8344
0.296 0.8353
0.297 0.8362
0.298 0.8371
0.299 0.838
0.3 0.8388
0.301 0.8397
0.302 0.8406
0.303 0.8416
0.304 0.8425
0.305 0.8434
0.306 0.8443
0.307 0.8452
0.308 0.8461
0.309 0.847
0.31 0.8481
0.311 0.8489
0.312 0.8497
0.313 0.8506
0.314 0.8515
0.315 0.8523
0.316 0.8532
0.317 0.8541
0.318 0.8549
0.319 0.8558
0.32 0.8566
0.321 0.8574
0.322 0.8582
0.323 0.8591
0.324 0.8598
0.325 0.8605
0.326 0.8612
0.327 0.862
0.328 0.8628
0.329 0.8635
0.33 0.8642
0.331 0.865
0.332 0.8657
0.333 0.8665
0.334 0.8672
0.335 0.868
0.336 0.8686
0.337 0.8694
0.338 0.8701
0.339 0.8709
0.34 0.8717
0.341 0.8725
0.342 0.8732
0.343 0.874
0.344 0.8746
0.345 0.8753
0.346 0.876
0.347 0.8767
0.348 0.8774
0.349 0.878
0.35 0.8786
0.351 0.8793
0.352 0.88
0.353 0.8806
0.354 0.8812
0.355 0.8819
0.356 0.8825
0.357 0.8832
0.358 0.8838
0.359 0.8844
0.36 0.885
0.361 0.8858
0.362 0.8864
0.363 0.887
0.364 0.8877
0.365 0.8883
0.366 0.889
0.367 0.8896
0.368 0.8901
0.369 0.8907
0.37 0.8913
0.371 0.8919
0.372 0.8926
0.373 0.8931
0.374 0.8937
0.375 0.8943
0.376 0.8948
0.377 0.8954
0.378 0.896
0.379 0.8966
0.38 0.8971
0.381 0.8976
0.382 0.8983
0.383 0.8987
0.384 0.8992
0.385 0.8998
0.386 0.9004
0.387 0.9008
0.388 0.9014
0.389 0.9019
0.39 0.9024
0.391 0.903
0.392 0.9036
0.393 0.9041
0.394 0.9046
0.395 0.9051
0.396 0.9055
0.397 0.906
0.398 0.9065
0.399 0.9071
0.4 0.9076
0.401 0.9081
0.402 0.9087
0.403 0.9093
0.404 0.9098
0.405 0.9103
0.406 0.9108
0.407 0.9113
0.408 0.9118
0.409 0.9123
0.41 0.9128
0.411 0.9132
0.412 0.9137
0.413 0.9142
0.414 0.9146
0.415 0.9151
0.416 0.9156
0.417 0.9161
0.418 0.9165
0.419 0.917
0.42 0.9175
0.421 0.9179
0.422 0.9184
0.423 0.9188
0.424 0.9193
0.425 0.9197
0.426 0.9202
0.427 0.9207
0.428 0.9211
0.429 0.9215
0.43 0.922
0.431 0.9223
0.432 0.9228
0.433 0.9232
0.434 0.9236
0.435 0.924
0.436 0.9244
0.437 0.9248
0.438 0.9252
0.439 0.9257
0.44 0.9261
0.441 0.9265
0.442 0.9269
0.443 0.9273
0.444 0.9278
0.445 0.9282
0.446 0.9286
0.447 0.9289
0.448 0.9293
0.449 0.9297
0.45 0.9301
0.451 0.9304
0.452 0.9308
0.453 0.9312
0.454 0.9316
0.455 0.9319
0.456 0.9323
0.457 0.9326
0.458 0.933
0.459 0.9334
0.46 0.9337
0.461 0.934
0.462 0.9344
0.463 0.9347
0.464 0.935
0.465 0.9354
0.466 0.9357
0.467 0.9361
0.468 0.9364
0.469 0.9367
0.47 0.9371
0.471 0.9374
0.472 0.9377
0.473 0.9381
0.474 0.9383
0.475 0.9387
0.476 0.9391
0.477 0.9395
0.478 0.9399
0.479 0.9402
0.48 0.9405
0.481 0.9408
0.482 0.9411
0.483 0.9415
0.484 0.9417
0.485 0.942
0.486 0.9424
0.487 0.9427
0.488 0.943
0.489 0.9433
0.49 0.9435
0.491 0.9439
0.492 0.9442
0.493 0.9446
0.494 0.9449
0.495 0.9452
0.496 0.9455
0.497 0.9458
0.498 0.9461
0.499 0.9464
0.5 0.9466
0.501 0.9469
0.502 0.9472
0.503 0.9475
0.504 0.9478
0.505 0.9481
0.506 0.9484
0.507 0.9486
0.508 0.9489
0.509 0.9492
0.51 0.9494
0.511 0.9496
0.512 0.9499
0.513 0.9502
0.514 0.9505
0.515 0.9507
0.516 0.9511
0.517 0.9513
0.518 0.9516
0.519 0.9518
0.52 0.9521
0.521 0.9524
0.522 0.9526
0.523 0.9529
0.524 0.9531
0.525 0.9533
0.526 0.9536
0.527 0.9539
0.528 0.9541
0.529 0.9543
0.53 0.9546
0.531 0.9548
0.532 0.9551
0.533 0.9553
0.534 0.9555
0.535 0.9558
0.536 0.956
0.537 0.9562
0.538 0.9565
0.539 0.9567
0.54 0.957
0.541 0.9572
0.542 0.9574
0.543 0.9576
0.544 0.9578
0.545 0.9581
0.546 0.9583
0.547 0.9585
0.548 0.9588
0.549 0.959
0.55 0.9593
0.551 0.9596
0.552 0.9598
0.553 0.96
0.554 0.9602
0.555 0.9604
0.556 0.9606
0.557 0.9608
0.558 0.9611
0.559 0.9612
0.56 0.9614
0.561 0.9616
0.562 0.9619
0.563 0.9621
0.564 0.9623
0.565 0.9625
0.566 0.9626
0.567 0.9628
0.568 0.963
0.569 0.9632
0.57 0.9633
0.571 0.9635
0.572 0.9636
0.573 0.9638
0.574 0.964
0.575 0.9643
0.576 0.9645
0.577 0.9647
0.578 0.9649
0.579 0.965
0.58 0.9652
0.581 0.9654
0.582 0.9656
0.583 0.9658
0.584 0.966
0.585 0.9661
0.586 0.9663
0.587 0.9665
0.588 0.9667
0.589 0.9669
0.59 0.967
0.591 0.9671
0.592 0.9673
0.593 0.9675
0.594 0.9676
0.595 0.9678
0.596 0.968
0.597 0.9682
0.598 0.9683
0.599 0.9685
0.6 0.9686
0.601 0.9688
0.602 0.969
0.603 0.9691
0.604 0.9693
0.605 0.9694
0.606 0.9696
0.607 0.9698
0.608 0.9699
0.609 0.9701
0.61 0.9703
0.611 0.9704
0.612 0.9706
0.613 0.9708
0.614 0.9709
0.615 0.9711
0.616 0.9712
0.617 0.9713
0.618 0.9715
0.619 0.9716
0.62 0.9718
0.621 0.9719
0.622 0.9721
0.623 0.9722
0.624 0.9724
0.625 0.9725
0.626 0.9726
0.627 0.9728
0.628 0.9729
0.629 0.9731
0.63 0.9732
0.631 0.9734
0.632 0.9735
0.633 0.9737
0.634 0.9738
0.635 0.974
0.636 0.9741
0.637 0.9743
0.638 0.9744
0.639 0.9745
0.64 0.9746
0.641 0.9748
0.642 0.9749
0.643 0.9751
0.644 0.9752
0.645 0.9753
0.646 0.9755
0.647 0.9756
0.648 0.9757
0.649 0.9759
0.65 0.976
0.651 0.9761
0.652 0.9763
0.653 0.9764
0.654 0.9765
0.655 0.9766
0.656 0.9767
0.657 0.9768
0.658 0.977
0.659 0.9771
0.66 0.9771
0.661 0.9773
0.662 0.9774
0.663 0.9775
0.664 0.9776
0.665 0.9777
0.666 0.9778
0.667 0.9779
0.668 0.978
0.669 0.9781
0.67 0.9783
0.671 0.9784
0.672 0.9785
0.673 0.9786
0.674 0.9787
0.675 0.9789
0.676 0.979
0.677 0.9791
0.678 0.9792
0.679 0.9793
0.68 0.9794
0.681 0.9795
0.682 0.9796
0.683 0.9797
0.684 0.9798
0.685 0.98
0.686 0.98
0.687 0.9801
0.688 0.9802
0.689 0.9803
0.69 0.9805
0.691 0.9806
0.692 0.9806
0.693 0.9808
0.694 0.9808
0.695 0.9809
0.696 0.981
0.697 0.9811
0.698 0.9812
0.699 0.9813
0.7 0.9814
0.701 0.9815
0.702 0.9816
0.703 0.9817
0.704 0.9818
0.705 0.9818
0.706 0.9819
0.707 0.9821
0.708 0.9822
0.709 0.9823
0.71 0.9824
0.711 0.9824
0.712 0.9825
0.713 0.9826
0.714 0.9827
0.715 0.9828
0.716 0.9829
0.717 0.9829
0.718 0.983
0.719 0.9831
0.72 0.9832
0.721 0.9833
0.722 0.9834
0.723 0.9835
0.724 0.9836
0.725 0.9837
0.726 0.9838
0.727 0.9839
0.728 0.984
0.729 0.984
0.73 0.9841
0.731 0.9842
0.732 0.9842
0.733 0.9843
0.734 0.9844
0.735 0.9844
0.736 0.9846
0.737 0.9846
0.738 0.9847
0.739 0.9848
0.74 0.9849
0.741 0.9849
0.742 0.985
0.743 0.9851
0.744 0.9852
0.745 0.9853
0.746 0.9854
0.747 0.9854
0.748 0.9855
0.749 0.9856
0.75 0.9857
0.751 0.9858
0.752 0.9859
0.753 0.9859
0.754 0.986
0.755 0.9861
0.756 0.9862
0.757 0.9862
0.758 0.9863
0.759 0.9863
0.76 0.9864
0.761 0.9865
0.762 0.9866
0.763 0.9866
0.764 0.9867
0.765 0.9868
0.766 0.9869
0.767 0.9869
0.768 0.987
0.769 0.9871
0.77 0.9871
0.771 0.9872
0.772 0.9873
0.773 0.9874
0.774 0.9874
0.775 0.9875
0.776 0.9875
0.777 0.9876
0.778 0.9876
0.779 0.9877
0.78 0.9877
0.781 0.9878
0.782 0.9878
0.783 0.9879
0.784 0.988
0.785 0.988
0.786 0.9881
0.787 0.9881
0.788 0.9882
0.789 0.9882
0.79 0.9883
0.791 0.9883
0.792 0.9884
0.793 0.9884
0.794 0.9885
0.795 0.9886
0.796 0.9887
0.797 0.9887
0.798 0.9888
0.799 0.9888
0.8 0.9889
0.801 0.9889
0.802 0.989
0.803 0.9891
0.804 0.9891
0.805 0.9891
0.806 0.9892
0.807 0.9893
0.808 0.9893
0.809 0.9894
0.81 0.9894
0.811 0.9894
0.812 0.9895
0.813 0.9895
0.814 0.9896
0.815 0.9896
0.816 0.9897
0.817 0.9898
0.818 0.9898
0.819 0.9899
0.82 0.9899
0.821 0.99
0.822 0.99
0.823 0.9901
0.824 0.9901
0.825 0.9901
0.826 0.9902
0.827 0.9902
0.828 0.9903
0.829 0.9903
0.83 0.9904
0.831 0.9904
0.832 0.9905
0.833 0.9905
0.834 0.9906
0.835 0.9906
0.836 0.9906
0.837 0.9907
0.838 0.9907
0.839 0.9907
0.84 0.9908
0.841 0.9908
0.842 0.9909
0.843 0.9909
0.844 0.991
0.845 0.991
0.846 0.991
0.847 0.9911
0.848 0.9912
0.849 0.9912
0.85 0.9912
0.851 0.9913
0.852 0.9914
0.853 0.9914
0.854 0.9914
0.855 0.9915
0.856 0.9915
0.857 0.9916
0.858 0.9916
0.859 0.9917
0.86 0.9917
0.861 0.9918
0.862 0.9918
0.863 0.9918
0.864 0.9919
0.865 0.9919
0.866 0.9919
0.867 0.992
0.868 0.992
0.869 0.9921
0.87 0.9921
0.871 0.9922
0.872 0.9922
0.873 0.9923
0.874 0.9923
0.875 0.9924
0.876 0.9924
0.877 0.9925
0.878 0.9925
0.879 0.9925
0.88 0.9925
0.881 0.9926
0.882 0.9926
0.883 0.9926
0.884 0.9927
0.885 0.9927
0.886 0.9927
0.887 0.9928
0.888 0.9928
0.889 0.9928
0.89 0.9929
0.891 0.9929
0.892 0.9929
0.893 0.993
0.894 0.993
0.895 0.993
0.896 0.9931
0.897 0.9931
0.898 0.9931
0.899 0.9932
0.9 0.9932
0.901 0.9932
0.902 0.9933
0.903 0.9933
0.904 0.9934
0.905 0.9934
0.906 0.9934
0.907 0.9934
0.908 0.9935
0.909 0.9935
0.91 0.9935
0.911 0.9935
0.912 0.9936
0.913 0.9936
0.914 0.9937
0.915 0.9937
0.916 0.9937
0.917 0.9938
0.918 0.9938
0.919 0.9939
0.92 0.9939
0.921 0.9939
0.922 0.9939
0.923 0.994
0.924 0.994
0.925 0.994
0.926 0.994
0.927 0.9941
0.928 0.9941
0.929 0.9941
0.93 0.9941
0.931 0.9942
0.932 0.9942
0.933 0.9942
0.934 0.9942
0.935 0.9943
0.936 0.9943
0.937 0.9943
0.938 0.9943
0.939 0.9944
0.94 0.9944
0.941 0.9944
0.942 0.9945
0.943 0.9945
0.944 0.9946
0.945 0.9946
0.946 0.9946
0.947 0.9946
0.948 0.9946
0.949 0.9947
0.95 0.9947
0.951 0.9947
0.952 0.9947
0.953 0.9948
0.954 0.9948
0.955 0.9948
0.956 0.9948
0.957 0.9949
0.958 0.9949
0.959 0.9949
0.96 0.9949
0.961 0.995
0.962 0.995
0.963 0.995
0.964 0.995
0.965 0.9951
0.966 0.9951
0.967 0.9951
0.968 0.9951
0.969 0.9951
0.97 0.9952
0.971 0.9952
0.972 0.9952
0.973 0.9952
0.974 0.9953
0.975 0.9953
0.976 0.9953
0.977 0.9953
0.978 0.9953
0.979 0.9954
0.98 0.9954
0.981 0.9954
0.982 0.9954
0.983 0.9955
0.984 0.9955
0.985 0.9955
0.986 0.9955
0.987 0.9955
0.988 0.9956
0.989 0.9956
0.99 0.9956
0.991 0.9956
0.992 0.9956
0.993 0.9956
0.994 0.9957
0.995 0.9957
0.996 0.9957
0.997 0.9957
0.998 0.9958
0.999 0.9958
1 0.9958
1.001 0.9958
1.002 0.9959
1.003 0.9959
1.004 0.9959
1.005 0.9959
1.006 0.9959
1.007 0.9959
1.008 0.996
1.009 0.996
1.01 0.996
1.011 0.996
1.012 0.9961
1.013 0.9961
1.014 0.9961
1.015 0.9961
1.016 0.9961
1.017 0.9961
1.018 0.9962
1.019 0.9962
1.02 0.9962
1.021 0.9962
1.022 0.9962
1.023 0.9962
1.024 0.9963
1.025 0.9963
1.026 0.9963
1.027 0.9963
1.028 0.9963
1.029 0.9963
1.03 0.9964
1.031 0.9964
1.032 0.9964
1.033 0.9964
1.034 0.9964
1.035 0.9964
1.036 0.9965
1.037 0.9965
1.038 0.9965
1.039 0.9965
1.04 0.9965
1.041 0.9965
1.042 0.9966
1.043 0.9966
1.044 0.9966
1.045 0.9966
1.046 0.9966
1.047 0.9966
1.048 0.9967
1.049 0.9967
1.05 0.9967
1.051 0.9967
1.052 0.9967
1.053 0.9967
1.054 0.9967
1.055 0.9967
1.056 0.9968
1.057 0.9968
1.058 0.9968
1.059 0.9968
1.06 0.9968
1.061 0.9969
1.062 0.9969
1.063 0.9969
1.064 0.9969
1.065 0.9969
1.066 0.9969
1.067 0.9969
1.068 0.9969
1.069 0.997
1.07 0.997
1.071 0.997
1.072 0.997
1.073 0.997
1.074 0.997
1.075 0.9971
1.076 0.9971
1.077 0.9971
1.078 0.9971
1.079 0.9971
1.08 0.9971
1.081 0.9971
1.082 0.9971
1.083 0.9972
1.084 0.9972
1.085 0.9972
1.086 0.9972
1.087 0.9972
1.088 0.9972
1.089 0.9972
1.09 0.9972
1.091 0.9972
1.092 0.9972
1.093 0.9973
1.094 0.9973
1.095 0.9973
1.096 0.9973
1.097 0.9973
1.098 0.9974
1.099 0.9974
1.1 0.9974
1.101 0.9974
1.102 0.9974
1.103 0.9974
1.104 0.9975
1.105 0.9975
1.107 0.9975
1.109 0.9975
1.11 0.9975
1.111 0.9975
1.112 0.9975
1.113 0.9975
1.114 0.9975
1.115 0.9975
1.116 0.9975
1.118 0.9976
1.12 0.9976
1.121 0.9976
1.122 0.9976
1.123 0.9976
1.124 0.9976
1.125 0.9976
1.126 0.9977
1.127 0.9977
1.128 0.9977
1.129 0.9977
1.13 0.9977
1.131 0.9977
1.132 0.9977
1.133 0.9978
1.134 0.9978
1.135 0.9978
1.136 0.9978
1.137 0.9978
1.138 0.9978
1.139 0.9978
1.14 0.9978
1.141 0.9978
1.142 0.9978
1.143 0.9978
1.144 0.9979
1.145 0.9979
1.146 0.9979
1.147 0.9979
1.148 0.9979
1.149 0.9979
1.15 0.9979
1.151 0.9979
1.152 0.9979
1.153 0.9979
1.154 0.9979
1.155 0.998
1.156 0.998
1.157 0.998
1.158 0.998
1.159 0.998
1.16 0.998
1.161 0.998
1.162 0.998
1.163 0.998
1.164 0.998
1.165 0.9981
1.167 0.9981
1.168 0.9981
1.169 0.9981
1.17 0.9981
1.171 0.9981
1.172 0.9981
1.173 0.9981
1.174 0.9981
1.175 0.9981
1.176 0.9981
1.178 0.9981
1.179 0.9981
1.18 0.9981
1.181 0.9981
1.182 0.9982
1.183 0.9982
1.184 0.9982
1.185 0.9982
1.186 0.9982
1.187 0.9982
1.188 0.9982
1.189 0.9982
1.19 0.9982
1.193 0.9982
1.194 0.9982
1.195 0.9982
1.196 0.9982
1.197 0.9982
1.198 0.9982
1.199 0.9983
1.2 0.9983
1.201 0.9983
1.202 0.9983
1.203 0.9983
1.204 0.9983
1.205 0.9983
1.206 0.9983
1.208 0.9983
1.209 0.9983
1.21 0.9983
1.211 0.9983
1.212 0.9983
1.214 0.9984
1.216 0.9984
1.217 0.9984
1.218 0.9984
1.219 0.9984
1.22 0.9984
1.221 0.9984
1.222 0.9984
1.223 0.9984
1.224 0.9984
1.225 0.9984
1.226 0.9984
1.227 0.9985
1.228 0.9985
1.229 0.9985
1.23 0.9985
1.231 0.9985
1.232 0.9985
1.233 0.9985
1.236 0.9985
1.237 0.9985
1.239 0.9985
1.24 0.9986
1.241 0.9986
1.242 0.9986
1.243 0.9986
1.244 0.9986
1.245 0.9986
1.246 0.9986
1.247 0.9986
1.248 0.9986
1.249 0.9986
1.251 0.9986
1.252 0.9986
1.253 0.9987
1.256 0.9987
1.257 0.9987
1.26 0.9987
1.261 0.9987
1.262 0.9987
1.263 0.9987
1.264 0.9987
1.265 0.9987
1.266 0.9987
1.267 0.9987
1.269 0.9988
1.27 0.9988
1.271 0.9988
1.272 0.9988
1.273 0.9988
1.274 0.9988
1.277 0.9988
1.278 0.9988
1.279 0.9988
1.28 0.9988
1.282 0.9988
1.283 0.9988
1.284 0.9988
1.285 0.9988
1.286 0.9989
1.289 0.9989
1.29 0.9989
1.292 0.9989
1.293 0.9989
1.295 0.9989
1.296 0.9989
1.297 0.9989
1.299 0.9989
1.3 0.9989
1.301 0.9989
1.303 0.9989
1.304 0.9989
1.305 0.9989
1.306 0.9989
1.309 0.9989
1.31 0.9989
1.311 0.9989
1.312 0.999
1.313 0.999
1.315 0.999
1.316 0.999
1.318 0.999
1.319 0.999
1.321 0.999
1.322 0.999
1.323 0.999
1.325 0.999
1.326 0.999
1.327 0.999
1.329 0.999
1.33 0.999
1.331 0.999
1.332 0.999
1.333 0.9991
1.335 0.9991
1.336 0.9991
1.337 0.9991
1.338 0.9991
1.339 0.9991
1.34 0.9991
1.344 0.9991
1.345 0.9991
1.349 0.9991
1.351 0.9991
1.352 0.9991
1.353 0.9991
1.354 0.9991
1.356 0.9991
1.358 0.9991
1.36 0.9991
1.362 0.9992
1.363 0.9992
1.367 0.9992
1.368 0.9992
1.371 0.9992
1.372 0.9992
1.373 0.9992
1.374 0.9992
1.378 0.9992
1.379 0.9992
1.38 0.9992
1.381 0.9992
1.382 0.9992
1.384 0.9992
1.385 0.9992
1.386 0.9992
1.387 0.9992
1.388 0.9992
1.389 0.9993
1.39 0.9993
1.391 0.9993
1.392 0.9993
1.393 0.9993
1.394 0.9993
1.395 0.9993
1.4 0.9993
1.401 0.9993
1.403 0.9993
1.404 0.9993
1.405 0.9993
1.406 0.9993
1.408 0.9993
1.409 0.9993
1.41 0.9993
1.411 0.9993
1.412 0.9993
1.415 0.9993
1.416 0.9993
1.417 0.9994
1.418 0.9994
1.422 0.9994
1.424 0.9994
1.428 0.9994
1.429 0.9994
1.433 0.9994
1.435 0.9994
1.437 0.9994
1.441 0.9994
1.442 0.9994
1.444 0.9994
1.445 0.9994
1.446 0.9994
1.449 0.9994
1.45 0.9994
1.451 0.9994
1.453 0.9994
1.455 0.9994
1.462 0.9994
1.465 0.9994
1.468 0.9994
1.47 0.9994
1.471 0.9995
1.472 0.9995
1.474 0.9995
1.476 0.9995
1.479 0.9995
1.48 0.9995
1.483 0.9995
1.486 0.9995
1.487 0.9995
1.488 0.9995
1.49 0.9995
1.493 0.9995
1.496 0.9995
1.498 0.9995
1.501 0.9995
1.508 0.9995
1.509 0.9995
1.51 0.9995
1.514 0.9995
1.516 0.9995
1.517 0.9995
1.523 0.9996
1.524 0.9996
1.525 0.9996
1.527 0.9996
1.528 0.9996
1.53 0.9996
1.531 0.9996
1.532 0.9996
1.533 0.9996
1.537 0.9996
1.538 0.9996
1.545 0.9996
1.549 0.9996
1.551 0.9996
1.553 0.9996
1.559 0.9996
1.562 0.9996
1.566 0.9996
1.568 0.9996
1.571 0.9996
1.572 0.9996
1.576 0.9996
1.577 0.9996
1.58 0.9996
1.581 0.9996
1.596 0.9997
1.608 0.9997
1.611 0.9997
1.615 0.9997
1.618 0.9997
1.625 0.9997
1.626 0.9997
1.627 0.9997
1.629 0.9997
1.63 0.9997
1.636 0.9997
1.638 0.9997
1.639 0.9997
1.643 0.9997
1.645 0.9997
1.647 0.9997
1.654 0.9997
1.657 0.9997
1.658 0.9997
1.662 0.9997
1.664 0.9997
1.685 0.9997
1.688 0.9997
1.691 0.9997
1.696 0.9997
1.705 0.9997
1.714 0.9997
1.715 0.9998
1.719 0.9998
1.721 0.9998
1.733 0.9998
1.746 0.9998
1.749 0.9998
1.754 0.9998
1.755 0.9998
1.757 0.9998
1.759 0.9998
1.765 0.9998
1.775 0.9998
1.782 0.9998
1.785 0.9998
1.786 0.9998
1.791 0.9998
1.803 0.9998
1.821 0.9998
1.824 0.9998
1.826 0.9998
1.83 0.9998
1.834 0.9998
1.851 0.9998
1.855 0.9998
1.859 0.9998
1.865 0.9998
1.899 0.9998
1.925 0.9999
1.929 0.9999
1.936 0.9999
1.948 0.9999
1.973 0.9999
1.994 0.9999
2.026 0.9999
2.035 0.9999
2.038 0.9999
2.065 0.9999
2.079 0.9999
2.086 0.9999
2.094 0.9999
2.099 0.9999
2.109 0.9999
2.205 0.9999
2.213 0.9999
2.266 0.9999
2.292 0.9999
2.372 0.9999
2.373 0.9999
2.377 0.9999
2.397 0.9999
2.492 0.9999
2.53 0.9999
2.57 0.9999
2.659 0.9999
2.762 0.9999
3.094 0.9999
3.25 0.9999
3.311 1
3.318 1
3.543 1
3.602 1
3.776 1
4.555 1
5.162 1
5.481 1
5.574 1
5.661 1
5.783 1
5.832 1
6.05 1
7.991 1
9.089 1
275.122 1
