517
208
209
253
150
353
326
160
230
140
180
173
207
65
330
218
244
386
253
164
190
477
72
72
92
72
72
311
72
416
328
218
340
191
152
295
243
156
165
148
181
253
449
266
64
140
420
249
199
454
241
238
183
229
313
286
519
354
465
432
244
199
288
168
117
176
163
208
544
77
216
350
180
77
343
340
293
166
108
233
204
204
104
143
340
112
407
69
164
172
172
544
586
193
150
234
126
285
200
222
158
193
1681
208
160
558
216
216
169
157
222
156
157
378
159
263
2464
220
215
96
182
168
171
283
156
212
183
171
996
108
188
1676
196
322
157
501
202
304
213
156
388
463
1883
160
169
343
356
159
189
470
456
160
159
2040
341
250
164
156
298
1416
318
230
169
684
169
187
159
358
645
855
212
1887
175
169
761
285
170
226
235
181
239
159
161
156
77
77
156
77
830
75
157
159
308
157
162
203
206
188
302
92
436
254
284
161
304
108
285
233
161
160
737
156
663
353
136
276
207
172
160
140
157
204
265
292
198
472
186
208
438
1811
169
205
83
170
204
414
185
246
112
146
177
386
172
160
237
234
160
236
193
77
108
194
522
157
204
420
160
465
7503
188
163
177
242
64
193
222
465
126
108
547
261
290
189
228
405
196
92
525
271
480
243
304
164
322
1610
177
293
233
299
769
1384
200
428
682
46
244
191
171
191
2356
2356
141
57
552
161
175
198
164
156
160
57
161
244
640
253
97
134
207
500
189
292
178
168
304
244
101
157
202
240
156
156
267
67
67
157
1958
181
211
204
157
218
110
160
1523
156
223
661
184
175
108
217
234
152
159
157
155
244
244
140
163
176
172
198
1724
158
1472
157
329
233
170
158
225
249
541
173
159
2421
157
221
172
170
159
5689
160
173
225
302
221
140
1602
340
288
208
254
3537
160
3080
223
227
465
157
2597
168
268
208
247
172
211
245
354
155
199
57
195
168
684
168
57
181
182
161
640
286
108
188
216
57
169
155
227
582
336
180
208
528
438
88
467
228
74
194
221
108
224
317
215
156
230
88
150
234
179
1786
156
231
167
555
249
278
156
160
220
162
184
158
173
163
313
195
184
72
100
228
754
102
215
108
200
203
179
174
144
210
171
2827
248
161
156
54
168
64
157
101
155
104
108
191
200
3618
122
157
258
231
160
159
261
100
161
194
253
1703
1441
182
166
203
171
156
160
2014
354
584
155
288
733
217
168
270
321
428
321
321
321
7275
1274
172
169
204
227
1556
340
269
157
175
167
184
177
2348
205
798
308
2843
221
116
201
171
199
173
190
172
170
169
533
168
157
315
207
193
172
174
1414
64
102
173
282
174
1404
171
249
180
219
239
554
270
243
253
311
198
235
590
250
158
186
155
161
72
241
189
157
191
161
232
312
236
166
250
210
162
206
96
238
315
169
588
227
204
300
1480
189
108
252
157
234
223
156
108
106
193
161
508
214
214
108
198
330
188
161
104
216
340
279
246
200
156
192
176
198
162
204
224
110
169
306
1012
364
180
1266
3024
62667
5117
3954
188
220
2006
1408
170
156
158
8178
343
157
159
580
744
478
580
580
478
187
177
108
195
222
163
221
416
226
114
140
246
480
580
162
170
742
478
478
1575
744
580
206
298
208
276
774
64
67
156
156
184
169
1012
200
173
254
158
268
158
108
159
101
233
159
36
187
340
444
384
206
254
170
162
459
187
167
1492
251
208
155
171
156
540
230
7882
158
108
108
157
161
784
163
875
191
157
686
157
211
192
140
78
260
210
157
202
73
156
73
246
290
180
73
192
171
159
209
233
234
108
233
204
284
456
343
168
308
162
156
217
754
162
534
242
159
186
250
171
122
170
160
1645
253
168
170
1860
162
242
188
116
201
171
164
172
285
1020
704
159
277
155
168
194
311
173
288
108
516
269
156
199
472
192
492
100
245
157
84
128
228
156
190
542
175
677
155
169
218
189
191
529
238
160
159
170
228
158
343
262
140
311
310
264
64
205
162
174
202
630
172
136
168
736
169
200
353
104
198
288
173
172
160
224
228
323
161
313
157
156
181
172
108
200
753
215
417
140
233
159
203
165
209
190
172
155
173
157
168
172
152
169
200
108
216
168
366
248
156
224
207
152
1973
337
190
150
166
157
243
2117
160
289
159
228
163
354
491
170
259
157
154
4749
15994808
173
10804
108
13010
258
352
22089
2204
194
249
260
163
160
677
416
538
213
159
1414
221
157
704
123455
1995
538
13010
7218
5445
1940
1734
6431
210
163
1460
2014
3305
1460
160
167
168
200
530
160
9764
2351
158
104
624
6229
3677
6137
290
239
372
239
290
290
257
8253
233
1655
952
1641
172
1460
1460
6623
2086
157
157
158
210
108
183
160
187
1100
157
290
85
371
239
239
372
290
160
1997
412
171
6624
840
6626
190
194
161
108
400
91
940
214
4586
798
166
158
2008
1012
193
244
196
203
225
221
212
5950
277
998
163
234
7346
180
208
4831
211
170
196
453
1995
273
2358
297
2304
748
163
164
171
116
173
1952
564
155
230
3616
4745
159
249
1805
213
82
168
684
318
512
108
268
204
8226
203
1887
7378
108
5607
158
225
12273
931
2375
1193
174
326
108
156
40
6733
240
1404
2080
7576
156
163
157
4480
160
158
160
177
636
160
284
160
460
265
250
3758
517
206
203
7825
665
161
1460
213
334
227
1460
7213
1741
184
160
302
240
263
197
6239
310
196
162
360
108
199
226
190
1424
653
1635
549
100
147
5673
159
2370
7323
205
108
476
157
162
156
227
360
360
360
1560
360
181
288
288
136
213
157
409
193
159
288
288
300
189
158
6179
140
170
144
196
404
268
153
317
630
183
120
933
2413
5816
192
172
208
10166
157
112
427
78
5438
231
156
168
158
7409
445
160
299
562
226
155
224
1908
3924
156
2363
530
157
157
1184
200
122
470
206
1908
187
4269
485
239
2538
168
203
171
278
688
3029
1325
162
203
160
5185
730
225
164
354
1721
2014
375
160
227
239
161
290
372
290
7576
364
156
169
108
290
290
509
169
171
198
126
108
158
684
136
259
157
159
201
199
159
169
2940
274
290
159
160
231
7943
168
204
188
1088
238
534
159
7334
191
4957
234
230
321
190
460
146
200
192
157
160
328
170
32988
209
798
225
641
2014
7124
226
2779
200
158
201
156
190
959
157
216
244
247
468
432
324
205
168
235
158
138
301
160
267
172
128
169
222
188
353
2611
157
1144
169
187
182
172
199
172
165
543
202
512
158
132
170
311
150
255
172
5661
216
940
168
157
1006
137
130
340
242
220
192
2531
180
353
287
2236
161
196
257
154
156
222
122
3298
246
169
168
940
171
169
90
1320
157
159
108
156
531
168
120
210
209
169
82
295
108
244
5425
269
346
200
2014
160
5900
290
279
2014
156
199
218
240
96
96
240
1615196
96
240
2013
138
14405
354
900003
240
96
218
96
192
240
96
154
192
345
60
192
126
4129896
357
192
240
96
240
192
302
240
60856
96
96
1288787
96
240
327
337
96
143
96
192
240
756
131248
328196
240
1809
108
96
340
859829
3447641
240
7617954
240
144
22808
240
96
96
26
96
1353880
96
240
240
96
2706530
399
340
234264
96
96
1111
96
12232
96
3818
240
368
96
96
144
96
240
2079
96
96
7096
240
218
96
240
240
6455
411
240
192
436
240
1855
8167
9818961
1399061
240
96
10921
240
96
1972
461
144
240
144
788
96
266
240
96
96
1809
96
240
192
343
475
2379
330
240
570
16
138
7087685
240
2000
10251
191269
96
4871
395125
240
144
378
26
2848
240
96
1774
96
2035
1171303
240
326720
240
340
240
96
240
240
251
144
310
144
105
144
444
144
337
96
144
144
240
8136126
340
240
96
96
240
192
192
96
1809
96
340
96
192
240
240
340
192
240
384
192
192
240
240
327
4748
144
240
7795689
96
96
240
240
240
575
66238
192
240
199932
192
240
240
2266
2187
192
96
96
340
192
192
7124
240
96
99
240
240
96
96
96
12630
240
240
422338
192
240
334
240
240
621549
142
240
240
153
96
240
192
240
96
240
192
96
240
711
240
7447449
175
240
1211
96
240
240
240
240
96
96
240
96
96
3363986
7711
4624
96
240
210
340
2013
13567454
240
96
192
240
2013
16
144
192
17349
96
112
96
96
96
240
251
96
3173
340
96
3585053
176
240
1473
144
240
218
192
240
96
96
144
192
96
240
192
192
96
192
1168057
144
2599
240
96
240
6307462
1169
144
96
144
2204
240
96
96
240
16528037
240
96
4059281
96
240
9940
144
389
142
122
586
162
144
15236390
144
96
184192
144
96
240
240
96
192
240
26
96
96
192
343
192
3407
112
240
4800210
96
240
240
140
156
144
96
96
96
3112
340
240
840776
240
96
96
144
1789415
350
96
144
96
96
26
535
240
144
240
240
240
96
340
240
340
96
96
1839
96
192
240
1381
350
2319
96
96
96
1876
5121
192
240
615
240
96
850
2608492
902269
240
340
240
5963094
327
192
96
96
96
320747
144
148
2241
240
96
96
19726
3732
96
107
11831
240
240
240
96
274
144
96
144
96
240
240
240
192
272
144
240
240
240
96
96
240
96
340
3262977
240
16
6725
240
96
2228
96
14135
240
144
96
99
96
345
144
144
519
432
240
259
96
96
210
240
10008
1696
96
5050
96
192
240
240
240
5556848
3499146
96
218
399
248
283
340
1287713
96
96
240
96
240
96
210
2202
177
240
96
340
96
240
340
218
330
2248434
240
96
240
144
96
515
240
240
455681
96
192
372
115
192
96
615
1279
240
144
96
96
1839
192
96
240
96
240
7476
5661
144
240
887
240
547993
1933
144
144
240
311
1839
13706
96
144
240
144
144
240
152
240
240
192
240
240
96
275
240
391
210
929505
240
240
240
96
240
217053
240
240
240
3421
96
96
240
3046
240
96
96
240
2768958
192
96
18156
96
1839
162
240
240
144
330
240
383
240
96
4949
4926044
240
96
192
4332
96
96
1839
144
96
240
192
240
377
96
144
96
19127
240
759355
144
7519
480
192
96
340
352
6968
240
96
82510
96
22977
8395
240
96
240
142
96
142
144
96
96
192
240
96
3797773
240
240
240
96
96
674441
240
144
240
5164159
96
240
4405502
1694
240
102
14665399
340
192
240
240
218
240
240
96
96
96
192
96
96
96
12
380
240
6499516
240
96
218705
144
240
192
144
240
144
2270
96
96
144
96
96
144
39
144
4819
1438
192
238
240
144
9902547
192
96
192
754493
240
96
240
207
144
240
96
368
240
138
96
240
818170
96
96
340
240
96
144
96
3285
96
240
240
240
96
2423
4778258
96
142
96
436
96
350
240
192
144
5185741
170
96
96
3388
6353
1012
96
109
96
368
337
96
240
144
192
240
2556
690309
240
340
340
96
240
7250
240
96
96
240
901
144
96
96
210
192
96
96
96
932
2819
144
144
7519
144
340
243
14636793
144
2243
7022267
96
240
1008
414
192
240
96
96
240
192
96
96
240
337
1812
5802
192
240
7738
5865761
163011
563190
240
192
1839
340
96
151
240
240
695
192
240
144
2855
240
96
192
96
240
96
96
240
96
240
1141
240
337
112
240
7519
340
1790
240
227
192
96
319058
515
192
96
11165
218
4823520
5282
8893885
340
3356368
1550
819783
240
305
240
210
240
240
96
192
961
152
240
9585436
240
334
240
881252
96
144
96
240
496
1731
340
192
23587
240
5816
96
887
146
96
96
96
96
240
96
96
240
777
240
2822
192
240
240
240
96
96
96
96
102
98
240
340
234
838043
384
519
26
96
240
96
2165
96
240
96
240
96
96
96
1308
240
144
192
96
26
96
240
240
240
240
96
240
96
96
240
1284
96
240
240
328
96
240
144
96
240
2724
3199
98
2013
96
60
96
192
96
2054
240
240
96
240
384
96
240
96
144
96
240
458378
919
144
7476
96
240
240
192
240
192
13906
152
1461
340
4762
240
240
809
96
337
96
240
234
340
1359582
340
2013605
144
6064
240
240
96
12
192
337
170
402
8679
96
895
221
340
240
673397
240
96
108
240
647
327
96
96
96
144
1833406
96
240
394
1633
96
96
96
240
144
240
676
240
240
96
240
210
96
240
192
96
96
240
96
1621143
240
96
96
144
24136
240
17936
144
192
5552
96
96
240
1671244
240
144
240
240
142
96
240
96
240
4242
26
345
192
343
240
240
4277570
337
964
240
144
111
343
340
240
172
240
96
240
96
7111
96
192
346
1544
96
96
218
240
96
240
240
96
240
240
144
192
96
96
144
340
240
240
96
595364
240
96
192
240
100
96
1977
240
96
130
240
218
240
1557729
240
240
586
144
96
96
219514
240
6446844
192
240
970930
96
1477
96
240
240
7250
240
96
4612
96
288
2447
3430
3426
350
240
2136
240
240
984837
240
96
96
192
334
96
96
192
96
96
2269
743
96
240
96
3554
240
240
96
12672
63460
6649
96
2087
314
240
96
1204
240
516
96
96
964
1253
240
112
908
144
240
192
3853284
96
96
350
1627
1137
240
240
340
3967185
240
96
240
96
96
240
144
1553
240
240
96
218
804
835295
96
96
3028096
96
10478
340
240
96
1325681
240
337
240
340
240
96
96
96
167
240
225220
96
144
96
