12 0.0007
16 0.0018
26 0.0044
36 0.0048
39 0.0051
40 0.0055
46 0.0059
54 0.0062
57 0.008
60 0.0088
64 0.011
65 0.0113
67 0.0124
69 0.0128
72 0.0154
73 0.0165
74 0.0168
75 0.0172
77 0.0194
78 0.0201
82 0.0208
83 0.0212
84 0.0216
85 0.0219
88 0.0227
90 0.023
91 0.0234
92 0.0245
96 0.1419
97 0.1422
98 0.143
99 0.1437
100 0.1455
101 0.1466
102 0.1481
104 0.1499
105 0.1503
106 0.1506
107 0.151
108 0.1638
109 0.1642
110 0.1649
111 0.1653
112 0.1678
114 0.1682
115 0.1686
116 0.1697
117 0.17
120 0.1707
122 0.1726
126 0.174
128 0.1748
130 0.1755
132 0.1759
134 0.1762
136 0.1777
137 0.1781
138 0.1795
140 0.1835
141 0.1839
142 0.1861
143 0.1868
144 0.2176
146 0.2186
147 0.219
148 0.2197
150 0.2216
151 0.2219
152 0.2245
153 0.2252
154 0.2263
155 0.2307
156 0.2453
157 0.2622
158 0.2698
159 0.2801
160 0.2936
161 0.3002
162 0.3057
163 0.3101
164 0.313
165 0.3141
166 0.3159
167 0.3177
168 0.3265
169 0.3349
170 0.3415
171 0.3473
172 0.3558
173 0.3601
174 0.362
175 0.3642
176 0.3656
177 0.3682
178 0.3686
179 0.3693
180 0.3722
181 0.3744
182 0.3759
183 0.3773
184 0.3795
185 0.3799
186 0.381
187 0.3835
188 0.3868
189 0.3894
190 0.3927
191 0.3956
192 0.4278
193 0.4307
194 0.4329
195 0.434
196 0.4366
197 0.4369
198 0.4399
199 0.4431
200 0.4483
201 0.4497
202 0.4516
203 0.4548
204 0.4592
205 0.4611
206 0.4633
207 0.4654
208 0.4695
209 0.4713
210 0.4761
211 0.4775
212 0.4786
213 0.4804
214 0.4815
215 0.483
216 0.4859
217 0.487
218 0.4925
219 0.4929
220 0.4943
221 0.4973
222 0.4995
223 0.5005
224 0.5024
225 0.5046
226 0.5064
227 0.5093
228 0.5119
229 0.5122
230 0.5144
231 0.5159
232 0.5163
233 0.5196
234 0.5232
235 0.5243
236 0.525
237 0.5254
238 0.5272
239 0.5302
240 0.6501
241 0.6508
242 0.6523
243 0.6541
244 0.6578
245 0.6585
246 0.6603
247 0.6611
248 0.6622
249 0.6644
250 0.6662
251 0.6673
252 0.6676
253 0.6702
254 0.6717
255 0.672
257 0.6728
258 0.6735
259 0.6746
260 0.6753
261 0.6761
262 0.6764
263 0.6771
264 0.6775
265 0.6782
266 0.679
267 0.6797
268 0.6812
269 0.6823
270 0.683
271 0.6834
272 0.6837
273 0.6841
274 0.6848
275 0.6852
276 0.6859
277 0.6867
278 0.6874
279 0.6881
282 0.6885
283 0.6892
284 0.6903
285 0.6918
286 0.6925
287 0.6929
288 0.6965
289 0.6969
290 0.7016
292 0.7024
293 0.7031
295 0.7038
297 0.7042
298 0.7049
299 0.7057
300 0.7064
301 0.7068
302 0.7082
304 0.7097
305 0.7101
306 0.7104
308 0.7115
310 0.7126
311 0.7148
312 0.7152
313 0.7163
314 0.7166
315 0.7174
317 0.7181
318 0.7188
321 0.7207
322 0.7214
323 0.7218
324 0.7221
326 0.7229
327 0.7243
328 0.7254
329 0.7258
330 0.7276
334 0.7291
336 0.7294
337 0.7331
340 0.7495
341 0.7499
343 0.7532
345 0.7543
346 0.755
350 0.7572
352 0.758
353 0.7598
354 0.762
356 0.7623
357 0.7627
358 0.7631
360 0.7649
364 0.7656
366 0.766
368 0.7671
371 0.7675
372 0.7689
375 0.7693
377 0.7697
378 0.7704
380 0.7707
383 0.7711
384 0.7726
386 0.7733
388 0.7737
389 0.774
391 0.7744
394 0.7748
399 0.7755
400 0.7759
402 0.7762
404 0.7766
405 0.777
407 0.7773
409 0.7777
411 0.7781
412 0.7784
414 0.7792
416 0.7803
417 0.7806
420 0.7814
427 0.7817
428 0.7824
432 0.7835
436 0.7846
438 0.7854
444 0.7861
445 0.7865
449 0.7868
453 0.7872
454 0.7876
456 0.7883
459 0.7887
460 0.7894
461 0.7898
463 0.7901
465 0.7916
467 0.792
468 0.7923
470 0.7931
472 0.7938
475 0.7941
476 0.7945
477 0.7949
478 0.7963
480 0.7974
485 0.7978
491 0.7982
492 0.7985
496 0.7989
500 0.7993
501 0.7996
508 0.8
509 0.8004
512 0.8011
515 0.8018
516 0.8026
517 0.8033
519 0.8044
522 0.8048
525 0.8051
528 0.8055
529 0.8059
530 0.8066
531 0.8069
533 0.8073
534 0.808
535 0.8084
538 0.8091
540 0.8095
541 0.8099
542 0.8102
543 0.8106
544 0.8113
547 0.8117
549 0.8121
552 0.8124
554 0.8128
555 0.8132
558 0.8135
562 0.8139
564 0.8143
570 0.8146
575 0.815
580 0.8168
582 0.8172
584 0.8176
586 0.8186
588 0.819
590 0.8194
615 0.8201
624 0.8205
630 0.8212
636 0.8216
640 0.8223
641 0.8227
645 0.823
647 0.8234
653 0.8238
661 0.8241
663 0.8245
665 0.8249
676 0.8252
677 0.826
682 0.8263
684 0.8278
686 0.8282
688 0.8285
695 0.8289
704 0.8296
711 0.83
730 0.8303
733 0.8307
736 0.8311
737 0.8314
742 0.8318
743 0.8322
744 0.8329
748 0.8333
753 0.8336
754 0.8344
756 0.8347
761 0.8351
769 0.8355
774 0.8358
777 0.8362
784 0.8366
788 0.8369
798 0.838
804 0.8384
809 0.8388
830 0.8391
840 0.8395
850 0.8399
855 0.8402
875 0.8406
887 0.8413
895 0.8417
901 0.842
908 0.8424
919 0.8428
931 0.8431
932 0.8435
933 0.8439
940 0.845
952 0.8453
959 0.8457
961 0.8461
964 0.8468
996 0.8472
998 0.8475
1006 0.8479
1008 0.8483
1012 0.8497
1020 0.8501
1088 0.8505
1100 0.8508
1111 0.8512
1137 0.8516
1141 0.8519
1144 0.8523
1169 0.8527
1184 0.853
1193 0.8534
1204 0.8537
1211 0.8541
1253 0.8545
1266 0.8548
1274 0.8552
1279 0.8556
1284 0.8559
1308 0.8563
1320 0.8567
1325 0.857
1381 0.8574
1384 0.8578
1404 0.8585
1408 0.8589
1414 0.8596
1416 0.86
1424 0.8603
1438 0.8607
1441 0.8611
1460 0.8633
1461 0.8636
1472 0.864
1473 0.8644
1477 0.8647
1480 0.8651
1492 0.8654
1523 0.8658
1544 0.8662
1550 0.8665
1553 0.8669
1556 0.8673
1560 0.8676
1575 0.868
1602 0.8684
1610 0.8687
1627 0.8691
1633 0.8695
1635 0.8698
1641 0.8702
1645 0.8706
1655 0.8709
1676 0.8713
1681 0.8717
1694 0.872
1696 0.8724
1703 0.8728
1721 0.8731
1724 0.8735
1731 0.8739
1734 0.8742
1741 0.8746
1774 0.875
1786 0.8753
1790 0.8757
1805 0.8761
1809 0.8771
1811 0.8775
1812 0.8779
1839 0.8801
1855 0.8804
1860 0.8808
1876 0.8812
1883 0.8815
1887 0.8823
1908 0.883
1933 0.8834
1940 0.8837
1952 0.8841
1958 0.8845
1972 0.8848
1973 0.8852
1977 0.8856
1995 0.8863
1997 0.8867
2000 0.887
2006 0.8874
2008 0.8878
2013 0.8892
2014 0.8914
2035 0.8918
2040 0.8921
2054 0.8925
2079 0.8929
2080 0.8932
2086 0.8936
2087 0.894
2117 0.8943
2136 0.8947
2165 0.8951
2187 0.8954
2202 0.8958
2204 0.8965
2228 0.8969
2236 0.8973
2241 0.8976
2243 0.898
2266 0.8984
2269 0.8987
2270 0.8991
2304 0.8995
2319 0.8998
2348 0.9002
2351 0.9005
2356 0.9013
2358 0.9016
2363 0.902
2370 0.9024
2375 0.9027
2379 0.9031
2413 0.9035
2421 0.9038
2423 0.9042
2447 0.9046
2464 0.9049
2531 0.9053
2538 0.9057
2556 0.906
2597 0.9064
2599 0.9068
2611 0.9071
2724 0.9075
2779 0.9079
2819 0.9082
2822 0.9086
2827 0.909
2843 0.9093
2848 0.9097
2855 0.9101
2940 0.9104
3024 0.9108
3029 0.9112
3046 0.9115
3080 0.9119
3112 0.9122
3173 0.9126
3199 0.913
3285 0.9133
3298 0.9137
3305 0.9141
3388 0.9144
3407 0.9148
3421 0.9152
3426 0.9155
3430 0.9159
3537 0.9163
3554 0.9166
3616 0.917
3618 0.9174
3677 0.9177
3732 0.9181
3758 0.9185
3818 0.9188
3924 0.9192
3954 0.9196
4242 0.9199
4269 0.9203
4332 0.9207
4480 0.921
4586 0.9214
4612 0.9218
4624 0.9221
4745 0.9225
4748 0.9229
4749 0.9232
4762 0.9236
4819 0.9239
4831 0.9243
4871 0.9247
4949 0.925
4957 0.9254
5050 0.9258
5117 0.9261
5121 0.9265
5185 0.9269
5282 0.9272
5425 0.9276
5438 0.928
5445 0.9283
5552 0.9287
5607 0.9291
5661 0.9298
5673 0.9302
5689 0.9305
5802 0.9309
5816 0.9316
5900 0.932
5950 0.9324
6064 0.9327
6137 0.9331
6179 0.9335
6229 0.9338
6239 0.9342
6353 0.9346
6431 0.9349
6455 0.9353
6623 0.9356
6624 0.936
6626 0.9364
6649 0.9367
6725 0.9371
6733 0.9375
6968 0.9378
7096 0.9382
7111 0.9386
7124 0.9393
7213 0.9397
7218 0.94
7250 0.9408
7275 0.9411
7323 0.9415
7334 0.9419
7346 0.9422
7378 0.9426
7409 0.943
7476 0.9437
7503 0.9441
7519 0.9452
7576 0.9459
7711 0.9463
7738 0.9466
7825 0.947
7882 0.9473
7943 0.9477
8167 0.9481
8178 0.9484
8226 0.9488
8253 0.9492
8395 0.9495
8679 0.9499
9764 0.9503
9940 0.9506
10008 0.951
10166 0.9514
10251 0.9517
10478 0.9521
10804 0.9525
10921 0.9528
11165 0.9532
11831 0.9536
12232 0.9539
12273 0.9543
12630 0.9547
12672 0.955
13010 0.9558
13706 0.9561
13906 0.9565
14135 0.9569
14405 0.9572
17349 0.9576
17936 0.958
18156 0.9583
19127 0.9587
19726 0.959
22089 0.9594
22808 0.9598
22977 0.9601
23587 0.9605
24136 0.9609
32988 0.9612
60856 0.9616
62667 0.962
63460 0.9623
66238 0.9627
82510 0.9631
123455 0.9634
131248 0.9638
163011 0.9642
184192 0.9645
191269 0.9649
199932 0.9653
217053 0.9656
218705 0.966
219514 0.9664
225220 0.9667
234264 0.9671
319058 0.9675
320747 0.9678
326720 0.9682
328196 0.9686
395125 0.9689
422338 0.9693
455681 0.9697
458378 0.97
547993 0.9704
563190 0.9707
595364 0.9711
621549 0.9715
673397 0.9718
674441 0.9722
690309 0.9726
754493 0.9729
759355 0.9733
818170 0.9737
819783 0.974
835295 0.9744
838043 0.9748
840776 0.9751
859829 0.9755
881252 0.9759
900003 0.9762
902269 0.9766
929505 0.977
970930 0.9773
984837 0.9777
1168057 0.9781
1171303 0.9784
1287713 0.9788
1288787 0.9792
1325681 0.9795
1353880 0.9799
1359582 0.9803
1399061 0.9806
1557729 0.981
1615196 0.9814
1621143 0.9817
1671244 0.9821
1789415 0.9824
1833406 0.9828
2013605 0.9832
2248434 0.9835
2608492 0.9839
2706530 0.9843
2768958 0.9846
3028096 0.985
3262977 0.9854
3356368 0.9857
3363986 0.9861
3447641 0.9865
3499146 0.9868
3585053 0.9872
3797773 0.9876
3853284 0.9879
3967185 0.9883
4059281 0.9887
4129896 0.989
4277570 0.9894
4405502 0.9898
4778258 0.9901
4800210 0.9905
4823520 0.9909
4926044 0.9912
5164159 0.9916
5185741 0.992
5556848 0.9923
5865761 0.9927
5963094 0.9931
6307462 0.9934
6446844 0.9938
6499516 0.9941
7022267 0.9945
7087685 0.9949
7447449 0.9952
7617954 0.9956
7795689 0.996
8136126 0.9963
8893885 0.9967
9585436 0.9971
9818961 0.9974
9902547 0.9978
13567454 0.9982
14636793 0.9985
14665399 0.9989
15236390 0.9993
15994808 0.9996
16528037 1
